Version="1.0"
cirKey,startRecNo,endRecNo,binSize,count,min,max,mean,rms,sum,sumSqs,integral
voltage:vio_1v8:dev,0,9999,10000,10000,-5.0,0.0,-1.3965,1.8478906894077907,-13965.0,34147.0,-0.13962500000000125
voltage:3.3v:dev,0,9999,10000,10000,3.0,10.0,6.795,6.973019432068148,67950.0,486230.0,0.6794450000000085
power:3.3v:dev,0,9999,10000,10000,-5.0,3.0,-0.4108,1.6060510577189009,-4108.0,25794.0,-0.041084999999999317
current:vio_1v8:dev,0,9999,10000,10000,-983.0,477.0,-195.274,351.65927515138856,-1952740.0,1.236642458E9,-19.525799999999983
power:tot:dev,0,9999,10000,10000,-5.0,4.0,-0.3673,1.6118002357612435,-3673.0,25979.0,-0.036734999999999254
current:3.3v:dev,0,9999,10000,10000,-577.0,481.0,-41.1309,280.8060976902033,-411309.0,7.88520645E8,-4.114745000000002
power:vio_1v8:dev,0,9999,10000,10000,-1.0,3.0,0.0435,0.2551470164434615,435.0,651.0,0.004349999999999917
voltage:vio_1v8:dev,10000,19999,10000,10000,-5.0,0.0,-1.3822,1.8390758548792925,-13822.0,33822.0,-0.1382050000000017
voltage:3.3v:dev,10000,19999,10000,10000,5.0,10.0,7.5918,7.766646638028538,75918.0,603208.0,0.7591200000000047
power:3.3v:dev,10000,19999,10000,10000,-5.0,3.0,-0.4645,1.8220592745572248,-4645.0,33199.0,-0.04644999999999856
current:vio_1v8:dev,10000,19999,10000,10000,-1159.0,490.0,-193.3318,351.18353976233,-1933318.0,1.233298786E9,-19.332410000000028
power:tot:dev,10000,19999,10000,10000,-5.0,4.0,-0.4207,1.8285786830213242,-4207.0,33437.0,-0.04206999999999887
current:3.3v:dev,10000,19999,10000,10000,-574.0,462.0,-41.3105,281.21334018854793,-413105.0,7.90809427E8,-4.131069999999999
power:vio_1v8:dev,10000,19999,10000,10000,-1.0,2.0,0.0438,0.2501999200639361,438.0,626.0,0.004379999999999911
voltage:vio_1v8:dev,20000,29999,10000,10000,-5.0,0.0,-1.4515,1.8907934842282486,-14515.0,35751.0,-0.14513500000000065
voltage:3.3v:dev,20000,29999,10000,10000,5.0,10.0,8.3244,8.463982514159632,83244.0,716390.0,0.8323549999999957
power:3.3v:dev,20000,29999,10000,10000,-5.0,4.0,-0.501,2.0096268310310745,-5010.0,40386.0,-0.05010999999999803
current:vio_1v8:dev,20000,29999,10000,10000,-950.0,497.0,-194.1927,350.50567227935124,-1941927.0,1.228542263E9,-19.418444999999995
power:tot:dev,20000,29999,10000,10000,-5.0,4.0,-0.4538,2.0096765908971523,-4538.0,40388.0,-0.04538999999999838
current:3.3v:dev,20000,29999,10000,10000,-575.0,458.0,-42.3006,281.1310135861926,-423006.0,7.90346468E8,-4.231730000000011
power:vio_1v8:dev,20000,29999,10000,10000,-1.0,2.0,0.0472,0.2672077843177478,472.0,714.0,0.0047199999999999005
voltage:vio_1v8:dev,30000,39999,10000,10000,-5.0,0.0,-1.4425,1.8850198937942273,-14425.0,35533.0,-0.14423000000000114
voltage:3.3v:dev,30000,39999,10000,10000,5.0,11.0,8.9745,9.063647168772624,89745.0,821497.0,0.8973599999999666
power:3.3v:dev,30000,39999,10000,10000,-5.0,4.0,-0.5015,2.166125573460597,-5015.0,46921.0,-0.050164999999997954
current:vio_1v8:dev,30000,39999,10000,10000,-933.0,527.0,-194.9289,351.71087941660267,-1949289.0,1.237005427E9,-19.491704999999993
power:tot:dev,30000,39999,10000,10000,-5.0,4.0,-0.4523,2.1688015123565365,-4523.0,47037.0,-0.04524499999999847
current:3.3v:dev,30000,39999,10000,10000,-564.0,458.0,-42.3892,281.2912796373183,-423892.0,7.9124784E8,-4.240970000000003
power:vio_1v8:dev,30000,39999,10000,10000,-1.0,2.0,0.0492,0.2683281572999748,492.0,720.0,0.00491999999999989
voltage:vio_1v8:dev,40000,49999,10000,10000,-5.0,0.0,-1.4383,1.8816747859287482,-14383.0,35407.0,-0.14382000000000064
voltage:3.3v:dev,40000,49999,10000,10000,5.0,13.0,9.4766,9.521785546839416,94766.0,906644.0,0.9475599999999392
power:3.3v:dev,40000,49999,10000,10000,-6.0,4.0,-0.4806,2.288711427856295,-4806.0,52382.0,-0.04801999999999863
current:vio_1v8:dev,40000,49999,10000,10000,-1060.0,487.0,-194.418,352.3268652827939,-1944180.0,1.2413422E9,-19.43640000000003
power:tot:dev,40000,49999,10000,10000,-6.0,5.0,-0.4321,2.289781648978784,-4321.0,52431.0,-0.0431699999999991
current:3.3v:dev,40000,49999,10000,10000,-557.0,449.0,-42.2899,281.5713836667355,-422899.0,7.92824441E8,-4.2245399999999735
power:vio_1v8:dev,40000,49999,10000,10000,-1.0,2.0,0.0485,0.27331300737432895,485.0,747.0,0.004849999999999895
voltage:vio_1v8:dev,50000,59999,10000,10000,-5.0,0.0,-1.3909,1.8478365728602733,-13909.0,34145.0,-0.13907000000000055
voltage:3.3v:dev,50000,59999,10000,10000,5.0,13.0,9.7538,9.77549998721293,97538.0,955604.0,0.9752799999999243
power:3.3v:dev,50000,59999,10000,10000,-5.0,4.0,-0.4468,2.3440563133167256,-4468.0,54946.0,-0.044679999999998575
current:vio_1v8:dev,50000,59999,10000,10000,-993.0,523.0,-194.0853,350.89110262302177,-1940853.0,1.231245659E9,-19.407959999999935
power:tot:dev,50000,59999,10000,10000,-5.0,4.0,-0.4033,2.3458687090287045,-4033.0,55031.0,-0.04032999999999909
current:3.3v:dev,50000,59999,10000,10000,-557.0,456.0,-41.9685,281.1523837707943,-419685.0,7.90466629E8,-4.19637499999999
power:vio_1v8:dev,50000,59999,10000,10000,-1.0,2.0,0.0435,0.2547547840571399,435.0,649.0,0.004349999999999914
voltage:vio_1v8:dev,60000,69999,10000,10000,-5.0,0.0,-1.4364,1.8784035775093701,-14364.0,35284.0,-0.1436400000000007
voltage:3.3v:dev,60000,69999,10000,10000,6.0,13.0,9.9387,9.949125589718928,99387.0,989851.0,0.9937699999999202
power:3.3v:dev,60000,69999,10000,10000,-6.0,4.0,-0.4351,2.397936613007108,-4351.0,57501.0,-0.04346999999999909
current:vio_1v8:dev,60000,69999,10000,10000,-960.0,520.0,-194.105,351.90638186881466,-1941050.0,1.238381016E9,-19.40607500000015
power:tot:dev,60000,69999,10000,10000,-6.0,5.0,-0.3939,2.398020016597026,-3939.0,57505.0,-0.03934999999999943
current:3.3v:dev,60000,69999,10000,10000,-544.0,449.0,-41.2252,281.79351766852267,-412252.0,7.94075866E8,-4.117875000000009
power:vio_1v8:dev,60000,69999,10000,10000,-1.0,2.0,0.0412,0.2545584412271571,412.0,648.0,0.004119999999999924
voltage:vio_1v8:dev,70000,79999,10000,10000,-6.0,0.0,-1.5538,1.9703299216121142,-15538.0,38822.0,-0.15535499999999927
voltage:3.3v:dev,70000,79999,10000,10000,6.0,14.0,10.0394,10.051785910971244,100394.0,1010384.0,1.0038349999999334
power:3.3v:dev,70000,79999,10000,10000,-6.0,4.0,-0.4392,2.42099153240981,-4392.0,58612.0,-0.04390499999999916
current:vio_1v8:dev,70000,79999,10000,10000,-946.0,505.0,-195.5289,352.96954896987927,-1955289.0,1.245875025E9,-19.5516499999999
power:tot:dev,70000,79999,10000,10000,-6.0,5.0,-0.3771,2.41749870734195,-3771.0,58443.0,-0.03769499999999945
current:3.3v:dev,70000,79999,10000,10000,-547.0,455.0,-41.796,281.4406878900064,-417960.0,7.92088608E8,-4.177645000000009
power:vio_1v8:dev,70000,79999,10000,10000,-1.0,2.0,0.0621,0.30610455730027936,621.0,937.0,0.006209999999999844
voltage:vio_1v8:dev,80000,89999,10000,10000,-5.0,0.0,-1.4928,1.9231744590650115,-14928.0,36986.0,-0.1492700000000005
voltage:3.3v:dev,80000,89999,10000,10000,7.0,15.0,10.2316,10.255798359952285,102316.0,1051814.0,1.0230599999999628
power:3.3v:dev,80000,89999,10000,10000,-6.0,4.0,-0.4592,2.483223711227001,-4592.0,61664.0,-0.045909999999999236
current:vio_1v8:dev,80000,89999,10000,10000,-937.0,476.0,-195.3938,352.0064667019627,-1953938.0,1.239085526E9,-19.537760000000013
power:tot:dev,80000,89999,10000,10000,-6.0,5.0,-0.4067,2.4870263368127006,-4067.0,61853.0,-0.04065999999999955
current:3.3v:dev,80000,89999,10000,10000,-544.0,481.0,-42.5897,281.5211414796409,-425897.0,7.92541531E8,-4.257819999999996
power:vio_1v8:dev,80000,89999,10000,10000,-1.0,2.0,0.0525,0.27331300737432895,525.0,747.0,0.005249999999999877
voltage:vio_1v8:dev,90000,99999,10000,10000,-5.0,0.0,-1.4187,1.8656098198712399,-14187.0,34805.0,-0.14185500000000084
voltage:3.3v:dev,90000,99999,10000,10000,8.0,15.0,10.4007,10.437983521734454,104007.0,1089515.0,1.0399699999999839
power:3.3v:dev,90000,99999,10000,10000,-6.0,4.0,-0.4871,2.543206637298668,-4871.0,64679.0,-0.0487149999999991
current:vio_1v8:dev,90000,99999,10000,10000,-974.0,523.0,-193.7065,351.6962159307376,-1937065.0,1.236902283E9,-19.371735000000047
power:tot:dev,90000,99999,10000,10000,-6.0,5.0,-0.4421,2.5450147347314123,-4421.0,64771.0,-0.044214999999999505
current:3.3v:dev,90000,99999,10000,10000,-541.0,450.0,-42.4087,281.493754992895,-424087.0,7.92387341E8,-4.241274999999998
power:vio_1v8:dev,90000,99999,10000,10000,-1.0,2.0,0.045,0.2641968962724581,450.0,698.0,0.004499999999999908
voltage:vio_1v8:dev,100000,109999,10000,10000,-5.0,0.0,-1.4205,1.8666279757894984,-14205.0,34843.0,-0.14202500000000123
voltage:3.3v:dev,100000,109999,10000,10000,8.0,15.0,10.8096,10.875881573463367,108096.0,1182848.0,1.0808600000000115
power:3.3v:dev,100000,109999,10000,10000,-7.0,5.0,-0.5214,2.668707552355634,-5214.0,71220.0,-0.05215999999999964
current:vio_1v8:dev,100000,109999,10000,10000,-966.0,482.0,-193.9331,351.23065455623316,-1939331.0,1.233629727E9,-19.389320000000023
power:tot:dev,100000,109999,10000,10000,-7.0,6.0,-0.4748,2.673312551872676,-4748.0,71466.0,-0.04750499999999975
current:3.3v:dev,100000,109999,10000,10000,-538.0,451.0,-42.2009,281.49186222695675,-422009.0,7.92376685E8,-4.22272999999999
power:vio_1v8:dev,100000,109999,10000,10000,-1.0,2.0,0.0466,0.2672077843177478,466.0,714.0,0.004654999999999904
voltage:vio_1v8:dev,110000,119999,10000,10000,-5.0,0.0,-1.4234,1.870935594829496,-14234.0,35004.0,-0.1423400000000008
voltage:3.3v:dev,110000,119999,10000,10000,9.0,15.0,11.753,11.857183476694624,117530.0,1405928.0,1.1751600000000129
power:3.3v:dev,110000,119999,10000,10000,-7.0,6.0,-0.6244,2.946557313204683,-6244.0,86822.0,-0.062425000000000376
current:vio_1v8:dev,110000,119999,10000,10000,-962.0,497.0,-193.5279,350.8338223432855,-1935279.0,1.230843709E9,-19.351284999999997
power:tot:dev,110000,119999,10000,10000,-7.0,8.0,-0.5756,2.946896672772902,-5756.0,86842.0,-0.0575450000000003
current:3.3v:dev,110000,119999,10000,10000,-544.0,476.0,-42.1496,280.8050708231602,-421496.0,7.88514878E8,-4.214104999999998
power:vio_1v8:dev,110000,119999,10000,10000,-1.0,2.0,0.0488,0.27055498516937365,488.0,732.0,0.0048799999999998974
voltage:vio_1v8:dev,120000,129999,10000,10000,-5.0,0.0,-1.4809,1.9136091554964927,-14809.0,36619.0,-0.14806000000000014
voltage:3.3v:dev,120000,129999,10000,10000,10.0,15.0,13.0073,13.105979551334574,130073.0,1717667.0,1.300605000000015
power:3.3v:dev,120000,129999,10000,10000,-8.0,6.0,-0.6962,3.298848283871206,-6962.0,108824.0,-0.06965000000000035
current:vio_1v8:dev,120000,129999,10000,10000,-944.0,566.0,-193.3612,351.0588628706018,-1933612.0,1.232423252E9,-19.337664999999998
power:tot:dev,120000,129999,10000,10000,-8.0,6.0,-0.6493,3.2958306995353994,-6493.0,108625.0,-0.06496000000000055
current:3.3v:dev,120000,129999,10000,10000,-584.0,462.0,-42.0966,281.14454218426505,-420966.0,7.90422536E8,-4.212374999999993
power:vio_1v8:dev,120000,129999,10000,10000,-1.0,2.0,0.0469,0.2718455443813637,469.0,739.0,0.004689999999999897
voltage:vio_1v8:dev,130000,139999,10000,10000,-5.0,0.0,-1.4734,1.904153355168643,-14734.0,36258.0,-0.14732000000000056
voltage:3.3v:dev,130000,139999,10000,10000,10.0,17.0,14.0653,14.117510403750373,140653.0,1993041.0,1.406400000000107
power:3.3v:dev,130000,139999,10000,10000,-8.0,6.0,-0.7055,3.5678144570591113,-7055.0,127293.0,-0.07056500000000031
current:vio_1v8:dev,130000,139999,10000,10000,-955.0,487.0,-194.0472,351.9686085434325,-1940472.0,1.238819014E9,-19.401854999999955
power:tot:dev,130000,139999,10000,10000,-7.0,6.0,-0.6531,3.56240087581395,-6531.0,126907.0,-0.06532500000000052
current:3.3v:dev,130000,139999,10000,10000,-574.0,422.0,-42.5342,281.01080157175454,-425342.0,7.89670706E8,-4.254475000000006
power:vio_1v8:dev,130000,139999,10000,10000,-1.0,2.0,0.0524,0.2727636339397171,524.0,744.0,0.00523999999999988
voltage:vio_1v8:dev,140000,149999,10000,10000,-5.0,0.0,-1.4875,1.9153328692423153,-14875.0,36685.0,-0.14873500000000078
voltage:3.3v:dev,140000,149999,10000,10000,10.0,18.0,14.6815,14.699758501417634,146815.0,2160829.0,1.4680000000001774
power:3.3v:dev,140000,149999,10000,10000,-8.0,6.0,-0.6725,3.7212229172679243,-6725.0,138475.0,-0.06722500000000091
current:vio_1v8:dev,140000,149999,10000,10000,-969.0,470.0,-195.1313,352.85251579094626,-1951313.0,1.245048979E9,-19.511170000000057
power:tot:dev,140000,149999,10000,10000,-8.0,7.0,-0.6191,3.7098652266625534,-6191.0,137631.0,-0.061885000000000794
current:3.3v:dev,140000,149999,10000,10000,-564.0,479.0,-42.24,281.4231834799685,-422400.0,7.91990082E8,-4.222384999999983
power:vio_1v8:dev,140000,149999,10000,10000,-1.0,2.0,0.0534,0.28178005607210743,534.0,794.0,0.0053399999999998735
voltage:vio_1v8:dev,150000,159999,10000,10000,-5.0,0.0,-1.5226,1.9435019938245497,-15226.0,37772.0,-0.15224000000000013
voltage:3.3v:dev,150000,159999,10000,10000,11.0,18.0,14.953,14.963809675346717,149530.0,2239156.0,1.4951500000001814
power:3.3v:dev,150000,159999,10000,10000,-9.0,6.0,-0.6561,3.792479400075892,-6561.0,143829.0,-0.06561000000000064
current:vio_1v8:dev,150000,159999,10000,10000,-981.0,467.0,-194.967,352.83344144227596,-1949670.0,1.244914374E9,-19.49485500000006
power:tot:dev,150000,159999,10000,10000,-9.0,7.0,-0.6025,3.78551185442603,-6025.0,143301.0,-0.06025000000000071
current:3.3v:dev,150000,159999,10000,10000,-575.0,442.0,-42.4608,281.36766729672405,-424608.0,7.91677642E8,-4.246030000000002
power:vio_1v8:dev,150000,159999,10000,10000,-1.0,3.0,0.0536,0.2853068523537421,536.0,814.0,0.005359999999999875
voltage:vio_1v8:dev,160000,169999,10000,10000,-5.0,0.0,-1.5694,1.973980749652843,-15694.0,38966.0,-0.1569249999999998
voltage:3.3v:dev,160000,169999,10000,10000,11.0,20.0,15.2153,15.2320353203372,152153.0,2320149.0,1.5213800000001412
power:3.3v:dev,160000,169999,10000,10000,-8.0,6.0,-0.6638,3.8641169754550653,-6638.0,149314.0,-0.0663500000000011
current:vio_1v8:dev,160000,169999,10000,10000,-950.0,487.0,-193.9108,352.05457133802423,-1939108.0,1.239424212E9,-19.386950000000038
power:tot:dev,160000,169999,10000,10000,-8.0,7.0,-0.6029,3.847765585375492,-6029.0,148053.0,-0.06026500000000103
current:3.3v:dev,160000,169999,10000,10000,-561.0,462.0,-42.0008,281.2229041170011,-420008.0,7.90863218E8,-4.197864999999982
power:vio_1v8:dev,160000,169999,10000,10000,-1.0,2.0,0.0609,0.30512292604784713,609.0,931.0,0.006084999999999849
voltage:vio_1v8:dev,170000,179999,10000,10000,-5.0,0.0,-1.4813,1.9123545696339892,-14813.0,36571.0,-0.14812500000000012
voltage:3.3v:dev,170000,179999,10000,10000,13.0,20.0,15.5458,15.57888956248166,155458.0,2427018.0,1.5544150000000774
power:3.3v:dev,170000,179999,10000,10000,-10.0,6.0,-0.7081,3.9773232204587043,-7081.0,158191.0,-0.0707900000000008
current:vio_1v8:dev,170000,179999,10000,10000,-905.0,530.0,-192.8405,352.517178446668,-1928405.0,1.242683611E9,-19.283149999999964
power:tot:dev,170000,179999,10000,10000,-10.0,7.0,-0.655,3.9707178192362145,-6550.0,157666.0,-0.06548000000000063
current:3.3v:dev,170000,179999,10000,10000,-567.0,462.0,-42.3093,281.02321665656024,-423093.0,7.89740483E8,-4.22958999999998
power:vio_1v8:dev,170000,179999,10000,10000,-1.0,2.0,0.0531,0.28053520278211075,531.0,787.0,0.005309999999999879
voltage:vio_1v8:dev,180000,189999,10000,10000,-5.0,0.0,-1.5215,1.942395428330699,-15215.0,37729.0,-0.15212999999999977
voltage:3.3v:dev,180000,189999,10000,10000,13.0,20.0,16.3072,16.37088879688577,163072.0,2680060.0,1.6305650000000225
power:3.3v:dev,180000,189999,10000,10000,-10.0,7.0,-0.7893,4.21206600138222,-7893.0,177415.0,-0.07891500000000036
current:vio_1v8:dev,180000,189999,10000,10000,-940.0,500.0,-196.3827,352.81688380801734,-1963827.0,1.244797535E9,-19.63505
power:tot:dev,180000,189999,10000,10000,-10.0,8.0,-0.7307,4.199821424775106,-7307.0,176385.0,-0.07305500000000074
current:3.3v:dev,180000,189999,10000,10000,-564.0,499.0,-41.6171,281.0945518860158,-416171.0,7.90141471E8,-4.160930000000003
power:vio_1v8:dev,180000,189999,10000,10000,-1.0,2.0,0.0586,0.293598365118064,586.0,862.0,0.0058599999999998575
voltage:vio_1v8:dev,190000,199999,10000,10000,-5.0,0.0,-1.4557,1.8943336559328718,-14557.0,35885.0,-0.14555000000000015
voltage:3.3v:dev,190000,199999,10000,10000,13.0,20.0,17.3759,17.452326492476583,173759.0,3045837.0,1.737400000000021
power:3.3v:dev,190000,199999,10000,10000,-11.0,7.0,-0.8643,4.521117118589165,-8643.0,204405.0,-0.08644500000000004
current:vio_1v8:dev,190000,199999,10000,10000,-1003.0,514.0,-195.5366,352.6556861869662,-1955366.0,1.24366033E9,-19.554944999999964
power:tot:dev,190000,199999,10000,10000,-11.0,7.0,-0.8098,4.514598542506299,-8098.0,203816.0,-0.08099500000000008
current:3.3v:dev,190000,199999,10000,10000,-578.0,462.0,-41.3453,281.10281873364414,-413453.0,7.90187947E8,-4.135744999999976
power:vio_1v8:dev,190000,199999,10000,10000,-1.0,2.0,0.0545,0.2816025568065745,545.0,793.0,0.0054499999999998725
voltage:vio_1v8:dev,200000,209999,10000,10000,-5.0,0.0,-1.4041,1.8581442355210211,-14041.0,34527.0,-0.1403950000000015
voltage:3.3v:dev,200000,209999,10000,10000,15.0,20.0,18.2182,18.282313857933847,182182.0,3342430.0,1.8216399999999886
power:3.3v:dev,200000,209999,10000,10000,-10.0,8.0,-0.8814,4.733159621225551,-8814.0,224028.0,-0.08810000000000028
current:vio_1v8:dev,200000,209999,10000,10000,-973.0,477.0,-195.4865,352.7459551858816,-1954865.0,1.244297089E9,-19.543229999999955
power:tot:dev,200000,209999,10000,10000,-10.0,8.0,-0.837,4.73087729707715,-8370.0,223812.0,-0.08366500000000042
current:3.3v:dev,200000,209999,10000,10000,-557.0,485.0,-40.7812,281.08416319671943,-407812.0,7.90083068E8,-4.076409999999988
power:vio_1v8:dev,200000,209999,10000,10000,-1.0,3.0,0.0444,0.260768096208106,444.0,680.0,0.0044349999999999095
voltage:vio_1v8:dev,210000,219999,10000,10000,-5.0,0.0,-1.4114,1.862954642496698,-14114.0,34706.0,-0.14112000000000097
voltage:3.3v:dev,210000,219999,10000,10000,15.0,21.0,18.9337,18.975523708187872,189337.0,3600705.0,1.8931799999998906
power:3.3v:dev,210000,219999,10000,10000,-10.0,8.0,-0.8944,4.930598340972422,-8944.0,243108.0,-0.08946000000000057
current:vio_1v8:dev,210000,219999,10000,10000,-938.0,500.0,-194.3351,351.9417441850284,-1943351.0,1.238629913E9,-19.436945000000026
power:tot:dev,210000,219999,10000,10000,-10.0,8.0,-0.8478,4.928488612140643,-8478.0,242900.0,-0.0848000000000003
current:3.3v:dev,210000,219999,10000,10000,-564.0,426.0,-41.0801,281.1814753855595,-410801.0,7.90630221E8,-4.109329999999999
power:vio_1v8:dev,210000,219999,10000,10000,-1.0,2.0,0.0466,0.2596150997149434,466.0,674.0,0.004659999999999902
voltage:vio_1v8:dev,220000,229999,10000,10000,-5.0,0.0,-1.3992,1.8527277187973412,-13992.0,34326.0,-0.13990500000000095
voltage:3.3v:dev,220000,229999,10000,10000,15.0,22.0,19.4629,19.485268794656132,194629.0,3796757.0,1.9460899999998178
power:3.3v:dev,220000,229999,10000,10000,-11.0,8.0,-0.8771,5.077981882598637,-8771.0,257859.0,-0.08772500000000026
current:vio_1v8:dev,220000,229999,10000,10000,-960.0,493.0,-192.8361,351.82392570716394,-1928361.0,1.237800747E9,-19.282615000000042
power:tot:dev,220000,229999,10000,10000,-11.0,9.0,-0.8329,5.074751225429676,-8329.0,257531.0,-0.08330500000000009
current:3.3v:dev,220000,229999,10000,10000,-554.0,462.0,-41.3341,281.823756805561,-413341.0,7.94246299E8,-4.134159999999966
power:vio_1v8:dev,220000,229999,10000,10000,-1.0,3.0,0.0442,0.25768197453450253,442.0,664.0,0.004419999999999913
voltage:vio_1v8:dev,230000,239999,10000,10000,-5.0,0.0,-1.4596,1.9009471323527123,-14596.0,36136.0,-0.14594000000000099
voltage:3.3v:dev,230000,239999,10000,10000,15.0,22.0,19.7549,19.764784339830275,197549.0,3906467.0,1.9752899999997973
power:3.3v:dev,230000,239999,10000,10000,-11.0,9.0,-0.8599,5.153396937942972,-8599.0,265575.0,-0.08601000000000036
current:vio_1v8:dev,230000,239999,10000,10000,-1010.0,475.0,-193.4429,351.7667228434208,-1934429.0,1.237398273E9,-19.343110000000134
power:tot:dev,230000,239999,10000,10000,-11.0,9.0,-0.812,5.1473682596060675,-8120.0,264954.0,-0.08122000000000003
current:3.3v:dev,230000,239999,10000,10000,-551.0,462.0,-41.2026,281.74420597414246,-412026.0,7.93797976E8,-4.121280000000003
power:vio_1v8:dev,230000,239999,10000,10000,-1.0,3.0,0.0479,0.2744084546802449,479.0,753.0,0.004789999999999898
voltage:vio_1v8:dev,240000,249999,10000,10000,-5.0,0.0,-1.3912,1.8452642087245934,-13912.0,34050.0,-0.13912000000000202
voltage:3.3v:dev,240000,249999,10000,10000,15.0,23.0,19.9671,19.97272890718742,199671.0,3989099.0,1.9964999999998352
power:3.3v:dev,240000,249999,10000,10000,-11.0,9.0,-0.8734,5.210316689031483,-8734.0,271474.0,-0.08728500000000025
current:vio_1v8:dev,240000,249999,10000,10000,-979.0,510.0,-191.5559,350.1328640673423,-1915559.0,1.225930225E9,-19.15346500000002
power:tot:dev,240000,249999,10000,10000,-11.0,9.0,-0.8332,5.20588128946483,-8332.0,271012.0,-0.08326500000000006
current:3.3v:dev,240000,249999,10000,10000,-564.0,462.0,-42.7523,281.850039027849,-427523.0,7.94394445E8,-4.272249999999993
power:vio_1v8:dev,240000,249999,10000,10000,-1.0,2.0,0.0402,0.25099800796022265,402.0,630.0,0.004019999999999928
voltage:vio_1v8:dev,250000,259999,10000,10000,-5.0,0.0,-1.4354,1.8779776356495836,-14354.0,35268.0,-0.14351000000000064
voltage:3.3v:dev,250000,259999,10000,10000,18.0,23.0,20.1682,20.174751547416886,201682.0,4070206.0,2.0166199999999
power:3.3v:dev,250000,259999,10000,10000,-11.0,9.0,-0.8635,5.260313678859846,-8635.0,276709.0,-0.08640500000000001
current:vio_1v8:dev,250000,259999,10000,10000,-1016.0,490.0,-193.4404,352.7337775149979,-1934404.0,1.244211178E9,-19.344865000000038
power:tot:dev,250000,259999,10000,10000,-11.0,10.0,-0.8184,5.256576832882784,-8184.0,276316.0,-0.0818949999999998
current:3.3v:dev,250000,259999,10000,10000,-546.0,458.0,-41.7615,281.6387460915135,-417615.0,7.93203833E8,-4.17931
power:vio_1v8:dev,250000,259999,10000,10000,-1.0,2.0,0.0451,0.26851443164195105,451.0,721.0,0.0045099999999999125
voltage:vio_1v8:dev,260000,269999,10000,10000,-5.0,0.0,-1.4876,1.9165072397463048,-14876.0,36730.0,-0.14875000000000038
voltage:3.3v:dev,260000,269999,10000,10000,18.0,24.0,20.5921,20.60951479292999,205921.0,4247521.0,2.0590000000000512
power:3.3v:dev,260000,269999,10000,10000,-12.0,9.0,-0.9224,5.3911037830856126,-9224.0,290640.0,-0.09217500000000067
current:vio_1v8:dev,260000,269999,10000,10000,-929.0,480.0,-195.5731,353.5801619152296,-1955731.0,1.250189309E9,-19.55213
power:tot:dev,260000,269999,10000,10000,-12.0,10.0,-0.8724,5.381523947730791,-8724.0,289608.0,-0.0871750000000004
current:3.3v:dev,260000,269999,10000,10000,-547.0,462.0,-42.5077,281.5840522827953,-425077.0,7.92895785E8,-4.247554999999986
power:vio_1v8:dev,260000,269999,10000,10000,-1.0,3.0,0.05,0.27748873851023215,500.0,770.0,0.0049999999999998926
voltage:vio_1v8:dev,270000,279999,10000,10000,-5.0,0.0,-1.4484,1.8848342102158482,-14484.0,35526.0,-0.14483500000000074
voltage:3.3v:dev,270000,279999,10000,10000,19.0,24.0,21.0802,21.107917945643052,210802.0,4455442.0,2.1078050000001074
power:3.3v:dev,270000,279999,10000,10000,-12.0,9.0,-0.9452,5.528037626500022,-9452.0,305592.0,-0.09454000000000017
current:vio_1v8:dev,270000,279999,10000,10000,-944.0,477.0,-194.2438,352.74288823447597,-1942438.0,1.244275452E9,-19.42501499999994
power:tot:dev,270000,279999,10000,10000,-12.0,10.0,-0.8986,5.521430973941447,-8986.0,304862.0,-0.08987999999999981
current:3.3v:dev,270000,279999,10000,10000,-552.0,462.0,-41.2832,281.1597709488326,-412832.0,7.90508168E8,-4.129485
power:vio_1v8:dev,270000,279999,10000,10000,-1.0,2.0,0.0466,0.2694438717061496,466.0,726.0,0.004659999999999904
voltage:vio_1v8:dev,280000,289999,10000,10000,-5.0,0.0,-1.3732,1.8333030300525879,-13732.0,33610.0,-0.1373100000000013
voltage:3.3v:dev,280000,289999,10000,10000,19.0,25.0,21.5528,21.586440188229275,215528.0,4659744.0,2.155065000000107
power:3.3v:dev,280000,289999,10000,10000,-12.0,9.0,-0.9988,5.675314969232986,-9988.0,322092.0,-0.09985000000000084
current:vio_1v8:dev,280000,289999,10000,10000,-906.0,475.0,-195.1361,353.1374926285794,-1951361.0,1.247060887E9,-19.51135500000008
power:tot:dev,280000,289999,10000,10000,-12.0,9.0,-0.9567,5.674213601901148,-9567.0,321967.0,-0.09564000000000053
current:3.3v:dev,280000,289999,10000,10000,-545.0,439.0,-41.6882,281.6708742486521,-416882.0,7.93384814E8,-4.167620000000005
power:vio_1v8:dev,280000,289999,10000,10000,-1.0,2.0,0.0421,0.2527844931952908,421.0,639.0,0.004209999999999919
voltage:vio_1v8:dev,290000,299999,10000,10000,-5.0,0.0,-1.4816,1.9098167451355117,-14816.0,36474.0,-0.14814000000000052
voltage:3.3v:dev,290000,299999,10000,10000,20.0,24.0,22.3744,22.40914991694241,223744.0,5021700.0,2.2372249999999987
power:3.3v:dev,290000,299999,10000,10000,-13.0,10.0,-1.0488,5.909416214821901,-10488.0,349212.0,-0.10491000000000077
current:vio_1v8:dev,290000,299999,10000,10000,-993.0,493.0,-193.5027,352.16328471321367,-1935027.0,1.240189791E9,-19.34843000000009
power:tot:dev,290000,299999,10000,10000,-13.0,11.0,-0.9962,5.897558817002167,-9962.0,347812.0,-0.09965000000000078
current:3.3v:dev,290000,299999,10000,10000,-554.0,476.0,-42.0604,281.74412114541093,-420604.0,7.93797498E8,-4.207450000000002
power:vio_1v8:dev,290000,299999,10000,10000,-1.0,2.0,0.0526,0.2778488797889961,526.0,772.0,0.005259999999999883
voltage:vio_1v8:dev,300000,309999,10000,10000,-5.0,0.0,-1.48,1.9159331929897765,-14800.0,36708.0,-0.1479850000000006
voltage:3.3v:dev,300000,309999,10000,10000,20.0,27.0,23.2505,23.271594272846887,232505.0,5415671.0,2.324819999999884
power:3.3v:dev,300000,309999,10000,10000,-13.0,10.0,-1.0561,6.153966200752162,-10561.0,378713.0,-0.10560000000000046
current:vio_1v8:dev,300000,309999,10000,10000,-990.0,510.0,-196.503,355.4692799666379,-1965030.0,1.26358409E9,-19.646580000000025
power:tot:dev,300000,309999,10000,10000,-13.0,11.0,-0.9986,6.1472107496001795,-9986.0,377882.0,-0.09985500000000058
current:3.3v:dev,300000,309999,10000,10000,-554.0,462.0,-41.7629,281.97769574914963,-417629.0,7.95114209E8,-4.176014999999999
power:vio_1v8:dev,300000,309999,10000,10000,-1.0,2.0,0.0575,0.2906888370749727,575.0,845.0,0.005744999999999855
voltage:vio_1v8:dev,310000,319999,10000,10000,-5.0,0.0,-1.4978,1.9210934386437324,-14978.0,36906.0,-0.1497750000000001
voltage:3.3v:dev,310000,319999,10000,10000,20.0,27.0,23.6111,23.62258453260354,236111.0,5580265.0,2.3608799999998498
power:3.3v:dev,310000,319999,10000,10000,-13.0,10.0,-1.0347,6.229213433492226,-10347.0,388031.0,-0.10338000000000039
current:vio_1v8:dev,310000,319999,10000,10000,-1010.0,470.0,-194.6113,352.51635635811283,-1946113.0,1.242677815E9,-19.455170000000027
power:tot:dev,310000,319999,10000,10000,-13.0,11.0,-0.9852,6.2199839228088045,-9852.0,386882.0,-0.09843000000000031
current:3.3v:dev,310000,319999,10000,10000,-546.0,455.0,-41.8367,281.30392656342354,-418367.0,7.91318991E8,-4.179509999999988
power:vio_1v8:dev,310000,319999,10000,10000,-1.0,2.0,0.0495,0.27331300737432895,495.0,747.0,0.004949999999999893
voltage:vio_1v8:dev,320000,329999,10000,10000,-5.0,0.0,-1.4131,1.855505322007997,-14131.0,34429.0,-0.14129500000000092
voltage:3.3v:dev,320000,329999,10000,10000,20.0,27.0,23.8597,23.86623346906671,238597.0,5695971.0,2.385729999999804
power:3.3v:dev,320000,329999,10000,10000,-13.0,10.0,-1.0203,6.287344431475025,-10203.0,395307.0,-0.10205000000000033
current:vio_1v8:dev,320000,329999,10000,10000,-997.0,490.0,-194.7482,352.32686102538366,-1947482.0,1.24134217E9,-19.474449999999898
power:tot:dev,320000,329999,10000,10000,-13.0,10.0,-0.9702,6.283136159594188,-9702.0,394778.0,-0.09704000000000035
current:3.3v:dev,320000,329999,10000,10000,-571.0,465.0,-41.3097,281.346158495189,-413097.0,7.91556609E8,-4.131860000000007
power:vio_1v8:dev,320000,329999,10000,10000,-1.0,3.0,0.0501,0.26851443164195105,501.0,721.0,0.005009999999999893
voltage:vio_1v8:dev,330000,339999,10000,10000,-5.0,0.0,-1.4606,1.8963649437806005,-14606.0,35962.0,-0.14606000000000113
voltage:3.3v:dev,330000,339999,10000,10000,21.0,28.0,24.0865,24.09353232716199,240865.0,5804983.0,2.408409999999828
power:3.3v:dev,330000,339999,10000,10000,-13.0,11.0,-1.0222,6.3513463139715505,-10222.0,403396.0,-0.10213500000000075
current:vio_1v8:dev,330000,339999,10000,10000,-986.0,524.0,-194.966,352.7511601681843,-1949660.0,1.24433381E9,-19.49297
power:tot:dev,330000,339999,10000,10000,-13.0,12.0,-0.9701,6.342988254758162,-9701.0,402335.0,-0.09692500000000047
current:3.3v:dev,330000,339999,10000,10000,-570.0,482.0,-41.4681,281.02750345829145,-414681.0,7.89764577E8,-4.1431649999999935
power:vio_1v8:dev,330000,339999,10000,10000,-1.0,2.0,0.0521,0.27331300737432895,521.0,747.0,0.005209999999999882
voltage:vio_1v8:dev,340000,349999,10000,10000,-5.0,0.0,-1.4788,1.9123284236762261,-14788.0,36570.0,-0.14785500000000026
voltage:3.3v:dev,340000,349999,10000,10000,22.0,29.0,24.3956,24.411829099844198,243956.0,5959374.0,2.4393199999998623
power:3.3v:dev,340000,349999,10000,10000,-14.0,11.0,-1.0613,6.4651295423989765,-10613.0,417979.0,-0.10619500000000062
current:vio_1v8:dev,340000,349999,10000,10000,-946.0,480.0,-194.3288,351.1461390931132,-1943288.0,1.23303611E9,-19.434700000000042
power:tot:dev,340000,349999,10000,10000,-14.0,12.0,-1.0082,6.454688218651618,-10082.0,416630.0,-0.10088500000000072
current:3.3v:dev,340000,349999,10000,10000,-561.0,462.0,-41.6903,281.6816499170651,-416903.0,7.93445519E8,-4.171784999999999
power:vio_1v8:dev,340000,349999,10000,10000,-1.0,2.0,0.0531,0.2826658805020514,531.0,799.0,0.005309999999999881
voltage:vio_1v8:dev,350000,359999,10000,10000,-5.0,0.0,-1.5021,1.9272519295618826,-15021.0,37143.0,-0.15019000000000055
voltage:3.3v:dev,350000,359999,10000,10000,22.0,29.0,25.1428,25.179575055985357,251428.0,6340110.0,2.5140249999999185
power:3.3v:dev,350000,359999,10000,10000,-15.0,11.0,-1.1808,6.6953416641721875,-11808.0,448276.0,-0.11810500000000136
current:vio_1v8:dev,350000,359999,10000,10000,-1010.0,477.0,-193.8017,351.2592243628628,-1938017.0,1.233830427E9,-19.37842500000003
power:tot:dev,350000,359999,10000,10000,-15.0,12.0,-1.1329,6.686187254332622,-11329.0,447051.0,-0.11331500000000096
current:3.3v:dev,350000,359999,10000,10000,-561.0,462.0,-42.7115,281.6684595406451,-427115.0,7.93371211E8,-4.272019999999979
power:vio_1v8:dev,350000,359999,10000,10000,-1.0,2.0,0.0479,0.2754995462791182,479.0,759.0,0.004789999999999903
voltage:vio_1v8:dev,360000,369999,10000,10000,-5.0,0.0,-1.5197,1.9406957515283019,-15197.0,37663.0,-0.15195999999999968
voltage:3.3v:dev,360000,369999,10000,10000,23.0,29.0,25.9957,26.043738210940457,259957.0,6782763.0,2.5993149999999283
power:3.3v:dev,360000,369999,10000,10000,-15.0,12.0,-1.2202,6.9320992491452404,-12202.0,480540.0,-0.121955000000001
current:vio_1v8:dev,360000,369999,10000,10000,-987.0,500.0,-194.1145,350.8434407253469,-1941145.0,1.230911199E9,-19.406520000000132
power:tot:dev,360000,369999,10000,10000,-15.0,12.0,-1.1664,6.919913294254488,-11664.0,478852.0,-0.11657500000000089
current:3.3v:dev,360000,369999,10000,10000,-541.0,478.0,-41.7325,281.30050390996456,-417325.0,7.91299735E8,-4.170645000000002
power:vio_1v8:dev,360000,369999,10000,10000,-1.0,2.0,0.0538,0.28600699292150183,538.0,818.0,0.005379999999999878
voltage:vio_1v8:dev,370000,379999,10000,10000,-5.0,0.0,-1.4686,1.9026297590440449,-14686.0,36200.0,-0.14683500000000085
voltage:3.3v:dev,370000,379999,10000,10000,24.0,29.0,26.7652,26.813623403038985,267652.0,7189704.0,2.6762599999999352
power:3.3v:dev,370000,379999,10000,10000,-15.0,11.0,-1.2646,7.140994328523164,-12646.0,509938.0,-0.1265050000000013
current:vio_1v8:dev,370000,379999,10000,10000,-990.0,520.0,-194.395,351.1727554922221,-1943950.0,1.233223042E9,-19.441314999999996
power:tot:dev,370000,379999,10000,10000,-15.0,12.0,-1.2147,7.132257707065835,-12147.0,508691.0,-0.12151500000000137
current:3.3v:dev,370000,379999,10000,10000,-551.0,458.0,-41.6312,281.2813587851139,-416312.0,7.91192028E8,-4.165004999999996
power:vio_1v8:dev,370000,379999,10000,10000,-1.0,2.0,0.0499,0.2765863337187866,499.0,765.0,0.0049899999999998895
voltage:vio_1v8:dev,380000,389999,10000,10000,-5.0,0.0,-1.4919,1.9221602430598757,-14919.0,36947.0,-0.14917000000000039
voltage:3.3v:dev,380000,389999,10000,10000,24.0,31.0,27.7811,27.81381131740129,277811.0,7736081.0,2.777839999999983
power:3.3v:dev,380000,389999,10000,10000,-16.0,11.0,-1.2974,7.432348215739088,-12974.0,552398.0,-0.12975500000000212
current:vio_1v8:dev,380000,389999,10000,10000,-943.0,509.0,-194.324,351.2208874768128,-1943240.0,1.233561118E9,-19.42961999999992
power:tot:dev,380000,389999,10000,10000,-16.0,12.0,-1.2452,7.422816177166184,-12452.0,550982.0,-0.12454000000000226
current:3.3v:dev,380000,389999,10000,10000,-557.0,462.0,-41.8357,281.77645519099,-418357.0,7.93979707E8,-4.184354999999991
power:vio_1v8:dev,380000,389999,10000,10000,-1.0,2.0,0.0522,0.2753179979587241,522.0,758.0,0.005214999999999879
voltage:vio_1v8:dev,390000,399999,10000,10000,-5.0,0.0,-1.4379,1.880026595556563,-14379.0,35345.0,-0.14377000000000073
voltage:3.3v:dev,390000,399999,10000,10000,24.0,32.0,28.4063,28.422640623277776,284063.0,8078465.0,2.840350000000011
power:3.3v:dev,390000,399999,10000,10000,-16.0,13.0,-1.2594,7.604104154994197,-12594.0,578224.0,-0.12596500000000144
current:vio_1v8:dev,390000,399999,10000,10000,-1031.0,500.0,-194.0383,351.08289063980317,-1940383.0,1.232591961E9,-19.403425000000066
power:tot:dev,390000,399999,10000,10000,-15.0,13.0,-1.2123,7.598335344007923,-12123.0,577347.0,-0.12125500000000117
current:3.3v:dev,390000,399999,10000,10000,-574.0,462.0,-41.5401,282.0844318639368,-415401.0,7.95716267E8,-4.155040000000006
power:vio_1v8:dev,390000,399999,10000,10000,-1.0,3.0,0.0471,0.26888659319497504,471.0,723.0,0.0047099999999999
voltage:vio_1v8:dev,400000,409999,10000,10000,-5.0,0.0,-1.4495,1.8877234967017813,-14495.0,35635.0,-0.14493500000000056
voltage:3.3v:dev,400000,409999,10000,10000,24.0,32.0,28.698,28.706413917450575,286980.0,8240582.0,2.869505000000015
power:3.3v:dev,400000,409999,10000,10000,-16.0,12.0,-1.2388,7.6674898108833505,-12388.0,587904.0,-0.12379000000000134
current:vio_1v8:dev,400000,409999,10000,10000,-946.0,504.0,-194.6271,350.2541093263575,-1946271.0,1.226779411E9,-19.458035000000027
power:tot:dev,400000,409999,10000,10000,-16.0,13.0,-1.1915,7.660828936870996,-11915.0,586883.0,-0.11906000000000105
current:3.3v:dev,400000,409999,10000,10000,-577.0,439.0,-41.4734,281.745547613445,-414734.0,7.93805536E8,-4.144114999999993
power:vio_1v8:dev,400000,409999,10000,10000,-1.0,2.0,0.0473,0.26514147167125707,473.0,703.0,0.0047299999999999
voltage:vio_1v8:dev,410000,419999,10000,10000,-5.0,0.0,-1.5169,1.936620768245554,-15169.0,37505.0,-0.15168499999999976
voltage:3.3v:dev,410000,419999,10000,10000,24.0,32.0,28.8963,28.901070914414227,288963.0,8352719.0,2.889340000000074
power:3.3v:dev,410000,419999,10000,10000,-16.0,13.0,-1.2274,7.731856180762805,-12274.0,597816.0,-0.12262000000000053
current:vio_1v8:dev,410000,419999,10000,10000,-1029.0,483.0,-195.1443,350.2270350786758,-1951443.0,1.226589761E9,-19.50954500000009
power:tot:dev,410000,419999,10000,10000,-16.0,13.0,-1.1757,7.72016191540048,-11757.0,596009.0,-0.11745000000000051
current:3.3v:dev,410000,419999,10000,10000,-558.0,465.0,-41.5435,282.184678357986,-415435.0,7.96281927E8,-4.150054999999989
power:vio_1v8:dev,410000,419999,10000,10000,-1.0,2.0,0.0517,0.2816025568065745,517.0,793.0,0.005169999999999886
voltage:vio_1v8:dev,420000,429999,10000,10000,-5.0,0.0,-1.5223,1.943527720409462,-15223.0,37773.0,-0.15222000000000002
voltage:3.3v:dev,420000,429999,10000,10000,25.0,33.0,29.103,29.109201294436094,291030.0,8473456.0,2.9100100000000855
power:3.3v:dev,420000,429999,10000,10000,-18.0,13.0,-1.2154,7.785923195100245,-12154.0,606206.0,-0.12155000000000094
current:vio_1v8:dev,420000,429999,10000,10000,-939.0,490.0,-195.1004,350.3162685345915,-1951004.0,1.22721488E9,-19.51189000000002
power:tot:dev,420000,429999,10000,10000,-18.0,13.0,-1.1629,7.772432051809781,-11629.0,604107.0,-0.11630000000000074
current:3.3v:dev,420000,429999,10000,10000,-574.0,468.0,-40.7088,281.9611632831727,-407088.0,7.95020976E8,-4.071405000000005
power:vio_1v8:dev,420000,429999,10000,10000,-1.0,2.0,0.0525,0.28548204847240394,525.0,815.0,0.005249999999999884
voltage:vio_1v8:dev,430000,439999,10000,10000,-5.0,0.0,-1.4556,1.8899206332542116,-14556.0,35718.0,-0.14553000000000044
voltage:3.3v:dev,430000,439999,10000,10000,27.0,34.0,29.6778,29.69840063033698,296778.0,8819950.0,2.9674900000000375
power:3.3v:dev,430000,439999,10000,10000,-17.0,13.0,-1.2781,7.988272654335229,-12781.0,638125.0,-0.12786000000000083
current:vio_1v8:dev,430000,439999,10000,10000,-1023.0,470.0,-195.2876,349.94341714054286,-1952876.0,1.224603952E9,-19.528930000000035
power:tot:dev,430000,439999,10000,10000,-17.0,14.0,-1.231,7.9817917787925285,-12310.0,637090.0,-0.123150000000001
current:3.3v:dev,430000,439999,10000,10000,-551.0,478.0,-40.6656,282.901347115916,-406656.0,8.00331722E8,-4.068479999999995
power:vio_1v8:dev,430000,439999,10000,10000,-1.0,2.0,0.0471,0.26814175355583847,471.0,719.0,0.004709999999999897
voltage:vio_1v8:dev,440000,449999,10000,10000,-5.0,0.0,-1.4549,1.8885179374313605,-14549.0,35665.0,-0.14547000000000065
voltage:3.3v:dev,440000,449999,10000,10000,27.0,34.0,30.5604,30.59749662962642,305604.0,9362068.0,3.055725000000033
power:3.3v:dev,440000,449999,10000,10000,-18.0,13.0,-1.3895,8.251066597719351,-13895.0,680801.0,-0.138910000000001
current:vio_1v8:dev,440000,449999,10000,10000,-1003.0,527.0,-194.1688,349.4677533049366,-1941688.0,1.221277106E9,-19.414120000000132
power:tot:dev,440000,449999,10000,10000,-18.0,14.0,-1.3406,8.240885874710315,-13406.0,679122.0,-0.13402000000000103
current:3.3v:dev,440000,449999,10000,10000,-581.0,455.0,-41.1861,282.43532126842774,-411861.0,7.97697107E8,-4.117694999999995
power:vio_1v8:dev,440000,449999,10000,10000,-1.0,2.0,0.0489,0.26739483914241874,489.0,715.0,0.004889999999999891
voltage:vio_1v8:dev,450000,459999,10000,10000,-5.0,0.0,-1.4381,1.8772586396125601,-14381.0,35241.0,-0.1437900000000006
voltage:3.3v:dev,450000,459999,10000,10000,29.0,34.0,31.8096,31.85074881380342,318096.0,1.0144702E7,3.1806300000000607
power:3.3v:dev,450000,459999,10000,10000,-18.0,13.0,-1.4586,8.595940902542315,-14586.0,738902.0,-0.14583500000000027
current:vio_1v8:dev,450000,459999,10000,10000,-1029.0,486.0,-195.9779,349.3381515093935,-1959779.0,1.220371441E9,-19.59799499999994
power:tot:dev,450000,459999,10000,10000,-18.0,13.0,-1.4099,8.58960418180023,-14099.0,737813.0,-0.14096500000000045
current:3.3v:dev,450000,459999,10000,10000,-548.0,439.0,-41.2612,282.51282059403957,-412612.0,7.98134938E8,-4.125309999999983
power:vio_1v8:dev,450000,459999,10000,10000,-1.0,2.0,0.0487,0.26814175355583847,487.0,719.0,0.004869999999999894
voltage:vio_1v8:dev,460000,469999,10000,10000,-5.0,0.0,-1.5015,1.9269405802982094,-15015.0,37131.0,-0.15013500000000018
voltage:3.3v:dev,460000,469999,10000,10000,29.0,36.0,33.0255,33.04799388767796,330255.0,1.0921699E7,3.302220000000149
power:3.3v:dev,460000,469999,10000,10000,-18.0,13.0,-1.4658,8.929098498728749,-14658.0,797288.0,-0.14655500000000016
current:vio_1v8:dev,460000,469999,10000,10000,-1033.0,469.0,-194.6162,348.9937220065714,-1946162.0,1.21796618E9,-19.459540000000008
power:tot:dev,460000,469999,10000,10000,-18.0,14.0,-1.41,8.9181051799135,-14100.0,795326.0,-0.14097500000000032
current:3.3v:dev,460000,469999,10000,10000,-557.0,439.0,-41.0943,282.69513419937033,-410943.0,7.99165389E8,-4.108869999999996
power:vio_1v8:dev,460000,469999,10000,10000,-1.0,3.0,0.0558,0.2821347195933177,558.0,796.0,0.005579999999999867
voltage:vio_1v8:dev,470000,479999,10000,10000,-5.0,0.0,-1.4219,1.8689836810416511,-14219.0,34931.0,-0.14217000000000155
voltage:3.3v:dev,470000,479999,10000,10000,29.0,37.0,33.6539,33.66191468113482,336539.0,1.1331245E7,3.365060000000097
power:3.3v:dev,470000,479999,10000,10000,-18.0,15.0,-1.4232,9.0798678404479,-14232.0,824440.0,-0.14231500000000025
current:vio_1v8:dev,470000,479999,10000,10000,-977.0,510.0,-195.0377,349.59299921480124,-1950377.0,1.222152651E9,-19.50128499999999
power:tot:dev,470000,479999,10000,10000,-18.0,15.0,-1.374,9.073896627138751,-13740.0,823356.0,-0.137395
current:3.3v:dev,470000,479999,10000,10000,-555.0,444.0,-40.7953,282.1492231072062,-407953.0,7.96081841E8,-4.079419999999995
power:vio_1v8:dev,470000,479999,10000,10000,-1.0,2.0,0.0492,0.26683328128252665,492.0,712.0,0.0049199999999998915
voltage:vio_1v8:dev,480000,489999,10000,10000,-5.0,0.0,-1.378,1.8344481459011046,-13780.0,33652.0,-0.13779500000000194
voltage:3.3v:dev,480000,489999,10000,10000,30.0,38.0,33.9196,33.92274163448467,339196.0,1.1507524E7,3.391620000000083
power:3.3v:dev,480000,489999,10000,10000,-18.0,15.0,-1.4096,9.160371171519198,-14096.0,839124.0,-0.14088000000000014
current:vio_1v8:dev,480000,489999,10000,10000,-989.0,490.0,-194.3432,348.22042329536043,-1943432.0,1.212574632E9,-19.431140000000028
power:tot:dev,480000,489999,10000,10000,-18.0,16.0,-1.3667,9.161184421241611,-13667.0,839273.0,-0.13658999999999982
current:3.3v:dev,480000,489999,10000,10000,-557.0,455.0,-40.8701,282.5742711217707,-408701.0,7.98482187E8,-4.0845699999999825
power:vio_1v8:dev,480000,489999,10000,10000,-1.0,2.0,0.0429,0.2495996794869737,429.0,623.0,0.004289999999999916
voltage:vio_1v8:dev,490000,499999,10000,10000,-5.0,0.0,-1.4388,1.8765393680922338,-14388.0,35214.0,-0.1438650000000011
voltage:3.3v:dev,490000,499999,10000,10000,30.0,37.0,34.0374,34.04108400154143,340374.0,1.1587954E7,3.403400000000067
power:3.3v:dev,490000,499999,10000,10000,-18.0,15.0,-1.4069,9.19610243527115,-14069.0,845683.0,-0.14067999999999933
current:vio_1v8:dev,490000,499999,10000,10000,-903.0,481.0,-195.1066,348.67056199226226,-1951066.0,1.215711608E9,-19.509145000000025
power:tot:dev,490000,499999,10000,10000,-18.0,15.0,-1.362,9.190136016403676,-13620.0,844586.0,-0.1361899999999995
current:3.3v:dev,490000,499999,10000,10000,-546.0,465.0,-40.751,282.75938145356025,-407510.0,7.99528678E8,-4.074749999999996
power:vio_1v8:dev,490000,499999,10000,10000,-1.0,2.0,0.0449,0.25748786379167465,449.0,663.0,0.004489999999999906
voltage:vio_1v8:dev,500000,509999,10000,10000,-5.0,0.0,-1.4029,1.8587361297397755,-14029.0,34549.0,-0.14029000000000136
voltage:3.3v:dev,500000,509999,10000,10000,30.0,39.0,34.2409,34.248335725988206,342409.0,1.1729485E7,3.4237500000000516
power:3.3v:dev,500000,509999,10000,10000,-19.0,14.0,-1.3994,9.247042770529397,-13994.0,855078.0,-0.13986499999999952
current:vio_1v8:dev,500000,509999,10000,10000,-911.0,510.0,-196.0133,350.13049952839015,-1960133.0,1.225913667E9,-19.599139999999984
power:tot:dev,500000,509999,10000,10000,-19.0,15.0,-1.3521,9.241812592776377,-13521.0,854111.0,-0.1351350000000001
current:3.3v:dev,500000,509999,10000,10000,-558.0,445.0,-40.1917,282.1896254294264,-401917.0,7.96309847E8,-4.016840000000006
power:vio_1v8:dev,500000,509999,10000,10000,-1.0,2.0,0.0473,0.2658947160061666,473.0,707.0,0.0047299999999999
voltage:vio_1v8:dev,510000,519999,10000,10000,-5.0,0.0,-1.414,1.863223014027038,-14140.0,34716.0,-0.14137000000000124
voltage:3.3v:dev,510000,519999,10000,10000,32.0,39.0,34.4429,34.4551026699965,344429.0,1.1871541E7,3.4439500000000436
power:3.3v:dev,510000,519999,10000,10000,-19.0,15.0,-1.464,9.302515788753063,-14640.0,865368.0,-0.1465149999999999
current:vio_1v8:dev,510000,519999,10000,10000,-1139.0,488.0,-194.9405,349.6369532815432,-1949405.0,1.222459991E9,-19.49201000000004
power:tot:dev,510000,519999,10000,10000,-19.0,15.0,-1.4193,9.298349315873221,-14193.0,864593.0,-0.14204499999999978
current:3.3v:dev,510000,519999,10000,10000,-541.0,465.0,-41.0424,281.9363399776623,-410424.0,7.94880998E8,-4.107765000000009
power:vio_1v8:dev,510000,519999,10000,10000,-1.0,3.0,0.0447,0.25826343140289915,447.0,667.0,0.004469999999999908
voltage:vio_1v8:dev,520000,529999,10000,10000,-5.0,0.0,-1.4543,1.8948614725092703,-14543.0,35905.0,-0.14541000000000093
voltage:3.3v:dev,520000,529999,10000,10000,32.0,39.0,34.8733,34.89429896129166,348733.0,1.2176121E7,3.4869850000000624
power:3.3v:dev,520000,529999,10000,10000,-21.0,15.0,-1.526,9.435570994910695,-15260.0,890300.0,-0.15257999999999977
current:vio_1v8:dev,520000,529999,10000,10000,-905.0,504.0,-194.9492,349.1157813677291,-1949492.0,1.218818288E9,-19.492530000000023
power:tot:dev,520000,529999,10000,10000,-21.0,16.0,-1.4803,9.43178137999392,-14803.0,889585.0,-0.14800999999999956
current:3.3v:dev,520000,529999,10000,10000,-554.0,462.0,-41.3966,282.0831685868549,-413966.0,7.9570914E8,-4.139134999999989
power:vio_1v8:dev,520000,529999,10000,10000,-1.0,2.0,0.0457,0.2613426869074396,457.0,683.0,0.004569999999999905
voltage:vio_1v8:dev,530000,539999,10000,10000,-5.0,0.0,-1.4214,1.8635450088473848,-14214.0,34728.0,-0.14211500000000113
voltage:3.3v:dev,530000,539999,10000,10000,34.0,39.0,35.6756,35.70845838173359,356756.0,1.275094E7,3.5672100000001072
power:3.3v:dev,530000,539999,10000,10000,-19.0,15.0,-1.5579,9.6653039269337,-15579.0,934181.0,-0.15580999999999975
current:vio_1v8:dev,530000,539999,10000,10000,-967.0,520.0,-194.6169,348.7460814116769,-1946169.0,1.216238293E9,-19.458254999999944
power:tot:dev,530000,539999,10000,10000,-19.0,16.0,-1.5105,9.660222564723858,-15105.0,933199.0,-0.1510699999999998
current:3.3v:dev,530000,539999,10000,10000,-517.0,449.0,-40.3532,281.9592420900581,-403532.0,7.95010142E8,-4.03603999999998
power:vio_1v8:dev,530000,539999,10000,10000,-1.0,2.0,0.0474,0.2580697580112788,474.0,666.0,0.004739999999999899
voltage:vio_1v8:dev,540000,549999,10000,10000,-5.0,0.0,-1.4406,1.8800531907369005,-14406.0,35346.0,-0.1440600000000009
voltage:3.3v:dev,540000,549999,10000,10000,34.0,39.0,36.7233,36.75792295546635,367233.0,1.3511449E7,3.671975000000065
power:3.3v:dev,540000,549999,10000,10000,-21.0,15.0,-1.6269,9.974612774438915,-16269.0,994929.0,-0.1625349999999992
current:vio_1v8:dev,540000,549999,10000,10000,-993.0,470.0,-195.0551,349.76338702042557,-1950551.0,1.223344269E9,-19.499814999999945
power:tot:dev,540000,549999,10000,10000,-21.0,15.0,-1.5778,9.968941769315338,-15778.0,993798.0,-0.1576249999999988
current:3.3v:dev,540000,549999,10000,10000,-557.0,419.0,-40.3249,282.20376379488636,-403249.0,7.96389643E8,-4.0280049999999985
power:vio_1v8:dev,540000,549999,10000,10000,-1.0,2.0,0.0491,0.26362852652928137,491.0,695.0,0.004909999999999892
voltage:vio_1v8:dev,550000,559999,10000,10000,-7.0,0.0,-1.4315,1.872778684201633,-14315.0,35073.0,-0.14314000000000054
voltage:3.3v:dev,550000,559999,10000,10000,34.0,39.0,37.2292,37.25992753616142,372292.0,1.3883022E7,3.7225350000000197
power:3.3v:dev,550000,559999,10000,10000,-22.0,17.0,-1.6396,10.099148478956035,-16396.0,1019928.0,-0.16392999999999913
current:vio_1v8:dev,550000,559999,10000,10000,-999.0,477.0,-195.4908,350.06831904643985,-1954908.0,1.22547828E9,-19.546410000000034
power:tot:dev,550000,559999,10000,10000,-22.0,18.0,-1.5909,10.093161050929485,-15909.0,1018719.0,-0.1590599999999991
current:3.3v:dev,550000,559999,10000,10000,-570.0,442.0,-40.2117,282.02586459401203,-402117.0,7.95385883E8,-4.0203099999999985
power:vio_1v8:dev,550000,559999,10000,10000,-1.0,3.0,0.0487,0.2658947160061666,487.0,707.0,0.004869999999999899
voltage:vio_1v8:dev,560000,569999,10000,10000,-5.0,0.0,-1.4274,1.8705079524022346,-14274.0,34988.0,-0.14274000000000095
voltage:3.3v:dev,560000,569999,10000,10000,34.0,42.0,37.6611,37.68659576029653,376611.0,1.4202795E7,3.7657399999999446
power:3.3v:dev,560000,569999,10000,10000,-20.0,16.0,-1.646,10.222465456043372,-16460.0,1044988.0,-0.16447499999999884
current:vio_1v8:dev,560000,569999,10000,10000,-957.0,504.0,-194.9911,349.0069037999105,-1949911.0,1.218058189E9,-19.493840000000056
power:tot:dev,560000,569999,10000,10000,-20.0,16.0,-1.6001,10.21493514418961,-16001.0,1043449.0,-0.15988499999999864
current:3.3v:dev,560000,569999,10000,10000,-547.0,445.0,-40.2654,282.19493723311194,-402654.0,7.96339826E8,-4.023054999999983
power:vio_1v8:dev,560000,569999,10000,10000,-1.0,2.0,0.0459,0.26851443164195105,459.0,721.0,0.004589999999999908
voltage:vio_1v8:dev,570000,579999,10000,10000,-5.0,0.0,-1.4234,1.8660117898877275,-14234.0,34820.0,-0.14232500000000103
voltage:3.3v:dev,570000,579999,10000,10000,34.0,41.0,38.0316,38.05147566126707,380316.0,1.4479148E7,3.802774999999835
power:3.3v:dev,570000,579999,10000,10000,-22.0,18.0,-1.6199,10.309970901995795,-16199.0,1062955.0,-0.16196999999999898
current:vio_1v8:dev,570000,579999,10000,10000,-946.0,476.0,-195.4752,348.89289015398407,-1954752.0,1.217262488E9,-19.54835
power:tot:dev,570000,579999,10000,10000,-22.0,19.0,-1.5721,10.30233468685618,-15721.0,1061381.0,-0.15718499999999933
current:3.3v:dev,570000,579999,10000,10000,-581.0,462.0,-39.7705,281.84530455553096,-397705.0,7.94367757E8,-3.9764950000000074
power:vio_1v8:dev,570000,579999,10000,10000,-1.0,2.0,0.0478,0.2619160170741759,478.0,686.0,0.0047849999999998935
voltage:vio_1v8:dev,580000,589999,10000,10000,-5.0,0.0,-1.3942,1.8460227517557848,-13942.0,34078.0,-0.13940500000000114
voltage:3.3v:dev,580000,589999,10000,10000,34.0,41.0,38.3803,38.39268289661456,383803.0,1.4739981E7,3.8376399999997277
power:3.3v:dev,580000,589999,10000,10000,-21.0,19.0,-1.6107,10.403600338344413,-16107.0,1082349.0,-0.16107999999999975
current:vio_1v8:dev,580000,589999,10000,10000,-991.0,470.0,-195.3398,349.11607639866713,-1953398.0,1.218820348E9,-19.531830000000017
power:tot:dev,580000,589999,10000,10000,-21.0,19.0,-1.5651,10.398677800566762,-15651.0,1081325.0,-0.1565199999999997
current:3.3v:dev,580000,589999,10000,10000,-557.0,489.0,-39.8345,281.90451734585594,-398345.0,7.94701569E8,-3.9838449999999948
power:vio_1v8:dev,580000,589999,10000,10000,-1.0,2.0,0.0456,0.25495097567963926,456.0,650.0,0.004559999999999908
voltage:vio_1v8:dev,590000,599999,10000,10000,-5.0,0.0,-1.3759,1.8349114420047632,-13759.0,33669.0,-0.1375700000000013
voltage:3.3v:dev,590000,599999,10000,10000,34.0,43.0,38.6182,38.625913581428726,386182.0,1.4919612E7,3.861434999999565
power:3.3v:dev,590000,599999,10000,10000,-21.0,20.0,-1.6068,10.470902539895976,-16068.0,1096398.0,-0.16077499999999872
current:vio_1v8:dev,590000,599999,10000,10000,-989.0,464.0,-195.63,348.46710806043086,-1956300.0,1.214293254E9,-19.56437499999993
power:tot:dev,590000,599999,10000,10000,-20.0,20.0,-1.5621,10.468729626845848,-15621.0,1095943.0,-0.15630499999999933
current:3.3v:dev,590000,599999,10000,10000,-554.0,514.0,-40.1508,282.07475817591336,-401508.0,7.95661692E8,-4.01764999999998
power:vio_1v8:dev,590000,599999,10000,10000,-1.0,2.0,0.0447,0.2535744466621193,447.0,643.0,0.004469999999999908
voltage:vio_1v8:dev,600000,609999,10000,10000,-5.0,0.0,-1.401,1.852781692482954,-14010.0,34328.0,-0.14007000000000103
voltage:3.3v:dev,600000,609999,10000,10000,34.0,42.0,38.8118,38.81580605887246,388118.0,1.5066668E7,3.8807949999994182
power:3.3v:dev,600000,609999,10000,10000,-21.0,16.0,-1.5967,10.504641831114471,-15967.0,1103475.0,-0.1597849999999999
current:vio_1v8:dev,600000,609999,10000,10000,-1003.0,497.0,-195.1678,348.7807107625076,-1951678.0,1.216479842E9,-19.51555000000001
power:tot:dev,600000,609999,10000,10000,-21.0,16.0,-1.5551,10.49980476008959,-15551.0,1102459.0,-0.1556250000000001
current:3.3v:dev,600000,609999,10000,10000,-561.0,433.0,-40.3225,281.80394798511963,-403225.0,7.94134651E8,-4.035440000000001
power:vio_1v8:dev,600000,609999,10000,10000,-1.0,2.0,0.0416,0.24738633753705963,416.0,612.0,0.004159999999999922
voltage:vio_1v8:dev,610000,619999,10000,10000,-5.0,0.0,-1.4683,1.9021303845951256,-14683.0,36181.0,-0.14681000000000058
voltage:3.3v:dev,610000,619999,10000,10000,35.0,42.0,38.9459,38.94858534016351,389459.0,1.5169923E7,3.8941999999993397
power:3.3v:dev,610000,619999,10000,10000,-22.0,18.0,-1.5873,10.560904317339496,-15873.0,1115327.0,-0.15873499999999996
current:vio_1v8:dev,610000,619999,10000,10000,-913.0,480.0,-194.4117,348.22099118232376,-1944117.0,1.212578587E9,-19.43810500000006
power:tot:dev,610000,619999,10000,10000,-22.0,19.0,-1.5369,10.554283490602288,-15369.0,1113929.0,-0.15369499999999983
current:3.3v:dev,610000,619999,10000,10000,-557.0,481.0,-40.1965,282.07827725650907,-401965.0,7.95681545E8,-4.019814999999998
power:vio_1v8:dev,610000,619999,10000,10000,-1.0,3.0,0.0504,0.2753179979587241,504.0,758.0,0.005039999999999889
voltage:vio_1v8:dev,620000,629999,10000,10000,-5.0,0.0,-1.4096,1.8556939402821793,-14096.0,34436.0,-0.14094000000000179
voltage:3.3v:dev,620000,629999,10000,10000,35.0,43.0,39.0705,39.07402078107652,390705.0,1.5267791E7,3.906659999999342
power:3.3v:dev,620000,629999,10000,10000,-22.0,17.0,-1.6341,10.592502065140229,-16341.0,1122011.0,-0.16342499999999963
current:vio_1v8:dev,620000,629999,10000,10000,-987.0,487.0,-195.0197,348.8904408263431,-1950197.0,1.217245397E9,-19.49889
power:tot:dev,620000,629999,10000,10000,-22.0,18.0,-1.5879,10.590491017889587,-15879.0,1121585.0,-0.15880499999999953
current:3.3v:dev,620000,629999,10000,10000,-540.0,445.0,-41.2752,282.0170526758976,-412752.0,7.9533618E8,-4.127850000000017
power:vio_1v8:dev,620000,629999,10000,10000,-1.0,2.0,0.0462,0.2580697580112788,462.0,666.0,0.004619999999999903
voltage:vio_1v8:dev,630000,639999,10000,10000,-5.0,0.0,-1.3956,1.8513778652668396,-13956.0,34276.0,-0.13956000000000135
voltage:3.3v:dev,630000,639999,10000,10000,36.0,44.0,39.2743,39.281452366224954,392743.0,1.5430325E7,3.927039999999462
power:3.3v:dev,630000,639999,10000,10000,-21.0,17.0,-1.6342,10.619161925500524,-16342.0,1127666.0,-0.16340999999999947
current:vio_1v8:dev,630000,639999,10000,10000,-946.0,486.0,-194.0133,347.97336090568774,-1940133.0,1.210854599E9,-19.400224999999992
power:tot:dev,630000,639999,10000,10000,-21.0,17.0,-1.5913,10.61374109350704,-15913.0,1126515.0,-0.15911999999999943
current:3.3v:dev,630000,639999,10000,10000,-551.0,455.0,-40.7035,281.2008426374288,-407035.0,7.90739139E8,-4.070049999999995
power:vio_1v8:dev,630000,639999,10000,10000,-1.0,3.0,0.0429,0.2539685019840059,429.0,645.0,0.004289999999999921
voltage:vio_1v8:dev,640000,649999,10000,10000,-5.0,0.0,-1.4202,1.8681541692269406,-14202.0,34900.0,-0.14199500000000162
voltage:3.3v:dev,640000,649999,10000,10000,37.0,44.0,39.7407,39.75713395102821,397407.0,1.5806297E7,3.9736699999997636
power:3.3v:dev,640000,649999,10000,10000,-22.0,18.0,-1.6996,10.797647892017965,-16996.0,1165892.0,-0.17003999999999997
current:vio_1v8:dev,640000,649999,10000,10000,-976.0,566.0,-194.477,348.2238639151544,-1944770.0,1.212598594E9,-19.448980000000017
power:tot:dev,640000,649999,10000,10000,-22.0,18.0,-1.6551,10.791010147340238,-16551.0,1164459.0,-0.1655899999999996
current:3.3v:dev,640000,649999,10000,10000,-553.0,465.0,-41.0084,281.91893622103504,-410084.0,7.94782866E8,-4.1029699999999805
power:vio_1v8:dev,640000,649999,10000,10000,-1.0,2.0,0.0445,0.2547547840571399,445.0,649.0,0.004449999999999914
voltage:vio_1v8:dev,650000,659999,10000,10000,-5.0,0.0,-1.4038,1.854777614702097,-14038.0,34402.0,-0.14036000000000137
voltage:3.3v:dev,650000,659999,10000,10000,37.0,44.0,40.2487,40.27267684174967,402487.0,1.6218885E7,4.0244799999999366
power:3.3v:dev,650000,659999,10000,10000,-23.0,18.0,-1.7342,10.974652614092165,-17342.0,1204430.0,-0.1734350000000005
current:vio_1v8:dev,650000,659999,10000,10000,-1026.0,460.0,-194.5127,348.26798517808095,-1945127.0,1.212905895E9,-19.45114499999998
power:tot:dev,650000,659999,10000,10000,-23.0,19.0,-1.6896,10.971271576257694,-16896.0,1203688.0,-0.16897500000000054
current:3.3v:dev,650000,659999,10000,10000,-551.0,462.0,-40.57,282.594240210235,-405700.0,7.98595046E8,-4.057415
power:vio_1v8:dev,650000,659999,10000,10000,-1.0,3.0,0.0446,0.2513961017995307,446.0,632.0,0.004459999999999913
voltage:vio_1v8:dev,660000,669999,10000,10000,-5.0,0.0,-1.4288,1.8716837339678944,-14288.0,35032.0,-0.14286000000000112
voltage:3.3v:dev,660000,669999,10000,10000,38.0,44.0,40.842,40.87149862679371,408420.0,1.6704794E7,4.083795000000008
power:3.3v:dev,660000,669999,10000,10000,-24.0,19.0,-1.8047,11.122324397355078,-18047.0,1237061.0,-0.18047499999999927
current:vio_1v8:dev,660000,669999,10000,10000,-963.0,474.0,-194.6629,346.90901847602635,-1946629.0,1.203458671E9,-19.46606999999997
power:tot:dev,660000,669999,10000,10000,-24.0,19.0,-1.7556,11.116753123102086,-17556.0,1235822.0,-0.1755649999999998
current:3.3v:dev,660000,669999,10000,10000,-551.0,462.0,-41.2639,281.87371267998725,-412639.0,7.94527899E8,-4.126515000000006
power:vio_1v8:dev,660000,669999,10000,10000,-1.0,3.0,0.0491,0.261725046566048,491.0,685.0,0.004909999999999895
voltage:vio_1v8:dev,670000,679999,10000,10000,-5.0,0.0,-1.4172,1.8667083328683138,-14172.0,34846.0,-0.14170500000000122
voltage:3.3v:dev,670000,679999,10000,10000,38.0,44.0,41.4349,41.4656689322625,414349.0,1.7194017E7,4.143085000000032
power:3.3v:dev,670000,679999,10000,10000,-23.0,18.0,-1.8157,11.283461348362922,-18157.0,1273165.0,-0.1815499999999989
current:vio_1v8:dev,670000,679999,10000,10000,-953.0,460.0,-194.8063,347.3852139916148,-1948063.0,1.206764869E9,-19.480230000000024
power:tot:dev,670000,679999,10000,10000,-23.0,20.0,-1.7705,11.27761942964915,-17705.0,1271847.0,-0.17702999999999933
current:3.3v:dev,670000,679999,10000,10000,-538.0,462.0,-40.2857,281.7562987760877,-402857.0,7.93866119E8,-4.027985
power:vio_1v8:dev,670000,679999,10000,10000,-1.0,3.0,0.0452,0.25495097567963926,452.0,650.0,0.004519999999999908
voltage:vio_1v8:dev,680000,689999,10000,10000,-5.0,0.0,-1.4011,1.8521069083613937,-14011.0,34303.0,-0.1400950000000011
voltage:3.3v:dev,680000,689999,10000,10000,39.0,44.0,42.1882,42.215878529292745,421882.0,1.7821804E7,4.218390000000096
power:3.3v:dev,680000,689999,10000,10000,-23.0,17.0,-1.8593,11.483653599791314,-18593.0,1318743.0,-0.18587499999999813
current:vio_1v8:dev,680000,689999,10000,10000,-980.0,494.0,-195.1704,347.5805170028953,-1951704.0,1.208122158E9,-19.51629499999998
power:tot:dev,680000,689999,10000,10000,-23.0,18.0,-1.8155,11.476528220677192,-18155.0,1317107.0,-0.1814949999999984
current:3.3v:dev,680000,689999,10000,10000,-539.0,427.0,-40.9446,281.6131012577362,-409446.0,7.93059388E8,-4.09314499999998
power:vio_1v8:dev,680000,689999,10000,10000,-1.0,3.0,0.0438,0.2584569596664017,438.0,668.0,0.004379999999999917
voltage:vio_1v8:dev,690000,699999,10000,10000,-5.0,0.0,-1.4558,1.8909785826391583,-14558.0,35758.0,-0.14555000000000082
voltage:3.3v:dev,690000,699999,10000,10000,39.0,44.0,42.8401,42.85958119254084,428401.0,1.8369437E7,4.283585000000253
power:3.3v:dev,690000,699999,10000,10000,-24.0,19.0,-1.8385,11.655869765916227,-18385.0,1358593.0,-0.18395499999999865
current:vio_1v8:dev,690000,699999,10000,10000,-1175.0,480.0,-194.6607,346.0179889832319,-1946607.0,1.197284487E9,-19.46924500000005
power:tot:dev,690000,699999,10000,10000,-24.0,20.0,-1.7893,11.649545055494658,-17893.0,1357119.0,-0.17902999999999872
current:3.3v:dev,690000,699999,10000,10000,-561.0,442.0,-40.4638,281.563253284231,-404638.0,7.92778656E8,-4.0488999999999935
power:vio_1v8:dev,690000,699999,10000,10000,-1.0,2.0,0.0492,0.2641968962724581,492.0,698.0,0.004924999999999894
voltage:vio_1v8:dev,700000,709999,10000,10000,-5.0,0.0,-1.4661,1.9047047015219971,-14661.0,36279.0,-0.14659000000000066
voltage:3.3v:dev,700000,709999,10000,10000,39.0,45.0,43.28,43.29247740658878,432800.0,1.8742386E7,4.327565000000485
power:3.3v:dev,700000,709999,10000,10000,-24.0,19.0,-1.8181,11.783713336635442,-18181.0,1388559.0,-0.18186499999999983
current:vio_1v8:dev,700000,709999,10000,10000,-963.0,507.0,-195.083,346.132774524459,-1950830.0,1.198078976E9,-19.50807000000001
power:tot:dev,700000,709999,10000,10000,-24.0,20.0,-1.7696,11.773826905471305,-17696.0,1386230.0,-0.17701500000000003
current:3.3v:dev,700000,709999,10000,10000,-581.0,458.0,-40.3909,282.1255750547972,-403909.0,7.95948401E8,-4.040489999999999
power:vio_1v8:dev,700000,709999,10000,10000,-1.0,2.0,0.0485,0.26739483914241874,485.0,715.0,0.004849999999999898
voltage:vio_1v8:dev,710000,719999,10000,10000,-5.0,0.0,-1.4785,1.9111514853616391,-14785.0,36525.0,-0.14782000000000084
voltage:3.3v:dev,710000,719999,10000,10000,39.0,46.0,43.5526,43.56022956780646,435526.0,1.8974936E7,4.354825000000701
power:3.3v:dev,710000,719999,10000,10000,-24.0,19.0,-1.8169,11.856023785401243,-18169.0,1405653.0,-0.18170499999999837
current:vio_1v8:dev,710000,719999,10000,10000,-959.0,493.0,-195.3828,346.67468929819495,-1953828.0,1.201833402E9,-19.53624999999999
power:tot:dev,710000,719999,10000,10000,-24.0,20.0,-1.7662,11.848763648583763,-17662.0,1403932.0,-0.17663999999999888
current:3.3v:dev,710000,719999,10000,10000,-584.0,445.0,-40.4637,282.0478120815689,-404637.0,7.95509683E8,-4.046769999999983
power:vio_1v8:dev,710000,719999,10000,10000,-1.0,2.0,0.0507,0.26362852652928137,507.0,695.0,0.005064999999999888
voltage:vio_1v8:dev,720000,729999,10000,10000,-5.0,0.0,-1.4358,1.8755265927200286,-14358.0,35176.0,-0.14356000000000113
voltage:3.3v:dev,720000,729999,10000,10000,39.0,46.0,43.7951,43.79881847721465,437951.0,1.9183365E7,4.379070000000896
power:3.3v:dev,720000,729999,10000,10000,-24.0,20.0,-1.8187,11.949991631796234,-18187.0,1428023.0,-0.18176000000000025
current:vio_1v8:dev,720000,729999,10000,10000,-946.0,481.0,-195.9223,347.1116245532552,-1959223.0,1.204864799E9,-19.589340000000124
power:tot:dev,720000,729999,10000,10000,-24.0,21.0,-1.7709,11.943856161223644,-17709.0,1426557.0,-0.17698000000000016
current:3.3v:dev,720000,729999,10000,10000,-557.0,462.0,-41.0075,282.650359454928,-410075.0,7.98912257E8,-4.0981549999999975
power:vio_1v8:dev,720000,729999,10000,10000,-1.0,2.0,0.0478,0.26,478.0,676.0,0.004779999999999894
voltage:vio_1v8:dev,730000,739999,10000,10000,-5.0,0.0,-1.4317,1.8740597642551318,-14317.0,35121.0,-0.14314500000000022
voltage:3.3v:dev,730000,739999,10000,10000,39.0,46.0,43.9341,43.936100191072946,439341.0,1.9303809E7,4.392970000001004
power:3.3v:dev,730000,739999,10000,10000,-23.0,20.0,-1.8253,11.9789690708341,-18253.0,1434957.0,-0.1826099999999991
current:vio_1v8:dev,730000,739999,10000,10000,-927.0,547.0,-194.9101,345.4836116228959,-1949101.0,1.193589259E9,-19.489714999999958
power:tot:dev,730000,739999,10000,10000,-23.0,21.0,-1.7832,11.974623167348524,-17832.0,1433916.0,-0.17839999999999906
current:3.3v:dev,730000,739999,10000,10000,-531.0,465.0,-41.2036,282.6289174872239,-412036.0,7.9879105E8,-4.122315000000003
power:vio_1v8:dev,730000,739999,10000,10000,-1.0,4.0,0.0421,0.25436194683953806,421.0,647.0,0.00420999999999992
voltage:vio_1v8:dev,740000,749999,10000,10000,-5.0,0.0,-1.4514,1.89309270771402,-14514.0,35838.0,-0.14512500000000078
voltage:3.3v:dev,740000,749999,10000,10000,40.0,47.0,44.0537,44.055461636441855,440537.0,1.9408837E7,4.4049300000009675
power:3.3v:dev,740000,749999,10000,10000,-25.0,19.0,-1.8253,12.03044055718659,-18253.0,1447315.0,-0.18245500000000003
current:vio_1v8:dev,740000,749999,10000,10000,-977.0,470.0,-195.0682,347.0026826985636,-1950682.0,1.204108618E9,-19.50525999999993
power:tot:dev,740000,749999,10000,10000,-25.0,20.0,-1.7779,12.024304553694572,-17779.0,1445839.0,-0.17771499999999973
current:3.3v:dev,740000,749999,10000,10000,-570.0,442.0,-41.0703,282.857446605176,-410703.0,8.00083351E8,-4.105289999999988
power:vio_1v8:dev,740000,749999,10000,10000,-1.0,3.0,0.0474,0.265329983228432,474.0,704.0,0.004739999999999899
voltage:vio_1v8:dev,750000,759999,10000,10000,-5.0,0.0,-1.4994,1.9289375313887176,-14994.0,37208.0,-0.14991999999999966
voltage:3.3v:dev,750000,759999,10000,10000,40.0,48.0,44.1454,44.147742864160115,441454.0,1.9490232E7,4.4141000000008574
power:3.3v:dev,750000,759999,10000,10000,-25.0,20.0,-1.8066,12.053057703338187,-18066.0,1452762.0,-0.1807649999999998
current:vio_1v8:dev,750000,759999,10000,10000,-973.0,474.0,-195.7683,346.93249444236267,-1957683.0,1.203621557E9,-19.57483500000002
power:tot:dev,750000,759999,10000,10000,-25.0,20.0,-1.7529,12.041914299645219,-17529.0,1450077.0,-0.17539500000000005
current:3.3v:dev,750000,759999,10000,10000,-565.0,465.0,-40.496,282.7609513352224,-404960.0,7.99537556E8,-4.052000000000005
power:vio_1v8:dev,750000,759999,10000,10000,-1.0,2.0,0.0537,0.27367864366808015,537.0,749.0,0.005369999999999873
voltage:vio_1v8:dev,760000,769999,10000,10000,-5.0,0.0,-1.4989,1.9262139029713186,-14989.0,37103.0,-0.14987999999999993
voltage:3.3v:dev,760000,769999,10000,10000,42.0,48.0,44.3012,44.30532247935907,443012.0,1.9629616E7,4.429680000000676
power:3.3v:dev,760000,769999,10000,10000,-25.0,21.0,-1.8266,12.094899751548171,-18266.0,1462866.0,-0.18260999999999936
current:vio_1v8:dev,760000,769999,10000,10000,-1049.0,474.0,-195.7809,347.4924273995046,-1957809.0,1.207509871E9,-19.573859999999982
power:tot:dev,760000,769999,10000,10000,-25.0,22.0,-1.7764,12.084601772503717,-17764.0,1460376.0,-0.17758999999999908
current:3.3v:dev,760000,769999,10000,10000,-565.0,479.0,-40.66,282.6828820427583,-406600.0,7.99096118E8,-4.064709999999993
power:vio_1v8:dev,760000,769999,10000,10000,-1.0,2.0,0.0502,0.2749545416973504,502.0,756.0,0.005019999999999891
voltage:vio_1v8:dev,770000,779999,10000,10000,-5.0,0.0,-1.4458,1.8866372200293304,-14458.0,35594.0,-0.1445650000000008
voltage:3.3v:dev,770000,779999,10000,10000,42.0,48.0,44.593,44.600786988572295,445930.0,1.9892302E7,4.458860000000345
power:3.3v:dev,770000,779999,10000,10000,-25.0,20.0,-1.8716,12.185860658976862,-18716.0,1484952.0,-0.18711499999999923
current:vio_1v8:dev,770000,779999,10000,10000,-936.0,465.0,-195.1852,346.4449754289994,-1951852.0,1.20024121E9,-19.51666000000002
power:tot:dev,770000,779999,10000,10000,-25.0,21.0,-1.8263,12.179963054131157,-18263.0,1483515.0,-0.18258499999999922
current:3.3v:dev,770000,779999,10000,10000,-551.0,458.0,-40.9772,282.6608303249674,-409772.0,7.9897145E8,-4.096745
power:vio_1v8:dev,770000,779999,10000,10000,-1.0,2.0,0.0453,0.25748786379167465,453.0,663.0,0.004529999999999906
voltage:vio_1v8:dev,780000,789999,10000,10000,-5.0,0.0,-1.4368,1.8788826466812663,-14368.0,35302.0,-0.14366000000000043
voltage:3.3v:dev,780000,789999,10000,10000,42.0,48.0,44.9882,45.00032444327485,449882.0,2.0250292E7,4.498380000000145
power:3.3v:dev,780000,789999,10000,10000,-26.0,20.0,-1.8802,12.307834903020108,-18802.0,1514828.0,-0.1880299999999988
current:vio_1v8:dev,780000,789999,10000,10000,-880.0,506.0,-194.0163,345.7372926081304,-1940163.0,1.195342755E9,-19.397999999999946
power:tot:dev,780000,789999,10000,10000,-25.0,21.0,-1.8364,12.303056530797539,-18364.0,1513652.0,-0.18365499999999846
current:3.3v:dev,780000,789999,10000,10000,-578.0,462.0,-40.2199,282.719909274179,-402199.0,7.99305471E8,-4.022174999999984
power:vio_1v8:dev,780000,789999,10000,10000,-1.0,2.0,0.0438,0.2588435821108957,438.0,670.0,0.004374999999999912
voltage:vio_1v8:dev,790000,799999,10000,10000,-5.0,0.0,-1.421,1.8687964041061296,-14210.0,34924.0,-0.14209000000000113
voltage:3.3v:dev,790000,799999,10000,10000,44.0,48.0,45.5084,45.52410130908682,455084.0,2.0724438E7,4.550385000000014
power:3.3v:dev,790000,799999,10000,10000,-25.0,19.0,-1.9531,12.464529674239618,-19531.0,1553645.0,-0.19511500000000004
current:vio_1v8:dev,790000,799999,10000,10000,-951.0,470.0,-195.0229,345.8615924036666,-1950229.0,1.196202411E9,-19.49681999999993
power:tot:dev,790000,799999,10000,10000,-25.0,20.0,-1.9063,12.456480241223844,-19063.0,1551639.0,-0.19044000000000041
current:3.3v:dev,790000,799999,10000,10000,-545.0,439.0,-40.8083,282.9584632061745,-408083.0,8.00654919E8,-4.076504999999986
power:vio_1v8:dev,790000,799999,10000,10000,-1.0,2.0,0.0468,0.2619160170741759,468.0,686.0,0.0046749999999999015
voltage:vio_1v8:dev,800000,809999,10000,10000,-5.0,0.0,-1.4514,1.8914544668059021,-14514.0,35776.0,-0.14511500000000072
voltage:3.3v:dev,800000,809999,10000,10000,44.0,48.0,46.0385,46.05550889958768,460385.0,2.1211099E7,4.603399999999917
power:3.3v:dev,800000,809999,10000,10000,-25.0,20.0,-1.9844,12.638552132265785,-19844.0,1597330.0,-0.19851000000000002
current:vio_1v8:dev,800000,809999,10000,10000,-1036.0,480.0,-195.2467,346.61122269770783,-1952467.0,1.201393397E9,-19.52554
power:tot:dev,800000,809999,10000,10000,-25.0,21.0,-1.9373,12.631868428700482,-19373.0,1595641.0,-0.19380000000000006
current:3.3v:dev,800000,809999,10000,10000,-534.0,458.0,-40.8182,283.34944044412725,-408182.0,8.02869054E8,-4.083509999999987
power:vio_1v8:dev,800000,809999,10000,10000,-1.0,3.0,0.0471,0.2628687885618983,471.0,691.0,0.0047099999999999035
voltage:vio_1v8:dev,810000,819999,10000,10000,-5.0,0.0,-1.3904,1.8449390233826157,-13904.0,34038.0,-0.13902500000000112
voltage:3.3v:dev,810000,819999,10000,10000,44.0,48.0,46.3102,46.326711517222975,463102.0,2.1461642E7,4.630559999999875
power:3.3v:dev,810000,819999,10000,10000,-25.0,21.0,-1.9929,12.72529370977346,-19929.0,1619331.0,-0.19924000000000028
current:vio_1v8:dev,810000,819999,10000,10000,-1049.0,510.0,-195.5221,347.11978609696104,-1955221.0,1.204921459E9,-19.550704999999972
power:tot:dev,810000,819999,10000,10000,-25.0,22.0,-1.944,12.721155607884057,-19440.0,1618278.0,-0.19435000000000005
current:3.3v:dev,810000,819999,10000,10000,-541.0,462.0,-40.4633,283.63230228589975,-404633.0,8.04472829E8,-4.045229999999997
power:vio_1v8:dev,810000,819999,10000,10000,-1.0,2.0,0.0489,0.25748786379167465,489.0,663.0,0.004889999999999893
voltage:vio_1v8:dev,820000,829999,10000,10000,-5.0,0.0,-1.4412,1.8881737208212597,-14412.0,35652.0,-0.1440950000000008
voltage:3.3v:dev,820000,829999,10000,10000,44.0,48.0,46.4637,46.47996665231162,464637.0,2.1603873E7,4.6459249999998224
power:3.3v:dev,820000,829999,10000,10000,-25.0,21.0,-1.9943,12.75581044073641,-19943.0,1627107.0,-0.19952500000000026
current:vio_1v8:dev,820000,829999,10000,10000,-1049.0,520.0,-195.8446,345.94583217607925,-1958446.0,1.196785188E9,-19.582340000000062
power:tot:dev,820000,829999,10000,10000,-25.0,21.0,-1.9464,12.749815684942272,-19464.0,1625578.0,-0.19473500000000046
current:3.3v:dev,820000,829999,10000,10000,-557.0,478.0,-40.4558,283.29988175076954,-404558.0,8.0258823E8,-4.047919999999988
power:vio_1v8:dev,820000,829999,10000,10000,-1.0,2.0,0.0479,0.2613426869074396,479.0,683.0,0.004789999999999897
voltage:vio_1v8:dev,830000,839999,10000,10000,-5.0,0.0,-1.4557,1.8976564494133283,-14557.0,36011.0,-0.14557000000000075
voltage:3.3v:dev,830000,839999,10000,10000,44.0,50.0,46.8052,46.819359243799994,468052.0,2.1920524E7,4.68004999999975
power:3.3v:dev,830000,839999,10000,10000,-26.0,20.0,-1.9951,12.859941679494506,-19951.0,1653781.0,-0.19933999999999993
current:vio_1v8:dev,830000,839999,10000,10000,-946.0,480.0,-195.736,345.3561025955673,-1957360.0,1.192708376E9,-19.56945999999999
power:tot:dev,830000,839999,10000,10000,-26.0,22.0,-1.947,12.853684296729867,-19470.0,1652172.0,-0.19452999999999968
current:3.3v:dev,830000,839999,10000,10000,-561.0,442.0,-40.3196,283.43904035965124,-403196.0,8.03376896E8,-4.028220000000001
power:vio_1v8:dev,830000,839999,10000,10000,-1.0,2.0,0.0481,0.2605762844159077,481.0,679.0,0.004809999999999902
voltage:vio_1v8:dev,840000,849999,10000,10000,-5.0,0.0,-1.495,1.9252532300972773,-14950.0,37066.0,-0.1494750000000003
voltage:3.3v:dev,840000,849999,10000,10000,44.0,50.0,47.0879,47.09970382072481,470879.0,2.2183821E7,4.708314999999652
power:3.3v:dev,840000,849999,10000,10000,-27.0,22.0,-1.9848,12.928294551099926,-19848.0,1671408.0,-0.19854000000000124
current:vio_1v8:dev,840000,849999,10000,10000,-853.0,477.0,-196.227,346.00701120064025,-1962270.0,1.197208518E9,-19.62403499999997
power:tot:dev,840000,849999,10000,10000,-27.0,23.0,-1.9312,12.919837460277897,-19312.0,1669222.0,-0.19318000000000093
current:3.3v:dev,840000,849999,10000,10000,-575.0,501.0,-40.1342,283.423114794824,-401342.0,8.0328662E8,-4.014699999999996
power:vio_1v8:dev,840000,849999,10000,10000,-1.0,2.0,0.0536,0.27640549922170504,536.0,764.0,0.0053599999999998735
voltage:vio_1v8:dev,850000,859999,10000,10000,-5.0,0.0,-1.4339,1.8757665099899827,-14339.0,35185.0,-0.14336000000000101
voltage:3.3v:dev,850000,859999,10000,10000,44.0,50.0,47.0991,47.11067501108427,470991.0,2.2194157E7,4.709449999999647
power:3.3v:dev,850000,859999,10000,10000,-26.0,22.0,-2.0059,12.947860827179136,-20059.0,1676471.0,-0.20070499999999966
current:vio_1v8:dev,850000,859999,10000,10000,-962.0,470.0,-194.64,344.2235555565598,-1946400.0,1.184898562E9,-19.463864999999984
power:tot:dev,850000,859999,10000,10000,-26.0,23.0,-1.9608,12.942727687778955,-19608.0,1675142.0,-0.1961949999999999
current:3.3v:dev,850000,859999,10000,10000,-551.0,462.0,-40.5441,283.7153441391565,-405441.0,8.04943965E8,-4.056939999999987
power:vio_1v8:dev,850000,859999,10000,10000,-1.0,3.0,0.0451,0.2551470164434615,451.0,651.0,0.004509999999999907
voltage:vio_1v8:dev,860000,869999,10000,10000,-5.0,0.0,-1.4514,1.887908896107013,-14514.0,35642.0,-0.14513000000000056
voltage:3.3v:dev,860000,869999,10000,10000,44.0,49.0,47.2592,47.26918023405948,472592.0,2.2343754E7,4.725444999999515
power:3.3v:dev,860000,869999,10000,10000,-26.0,21.0,-2.0154,13.017933783822992,-20154.0,1694666.0,-0.20148000000000046
current:vio_1v8:dev,860000,869999,10000,10000,-923.0,467.0,-195.0742,343.6091101819042,-1950742.0,1.180672206E9,-19.5048700000001
power:tot:dev,860000,869999,10000,10000,-26.0,23.0,-1.9665,13.01172932395998,-19665.0,1693051.0,-0.19659000000000051
current:3.3v:dev,860000,869999,10000,10000,-558.0,445.0,-40.7937,284.2076893752173,-407937.0,8.07740107E8,-4.078100000000007
power:vio_1v8:dev,860000,869999,10000,10000,-1.0,2.0,0.0489,0.2601922366251537,489.0,677.0,0.004889999999999889
voltage:vio_1v8:dev,870000,879999,10000,10000,-5.0,0.0,-1.4437,1.886557711812708,-14437.0,35591.0,-0.1443700000000006
voltage:3.3v:dev,870000,879999,10000,10000,44.0,50.0,47.5199,47.52668618786713,475199.0,2.2587859E7,4.751509999999469
power:3.3v:dev,870000,879999,10000,10000,-26.0,20.0,-1.9802,13.074448363124159,-19802.0,1709412.0,-0.19796500000000042
current:vio_1v8:dev,870000,879999,10000,10000,-954.0,457.0,-195.6884,344.0970990868711,-1956884.0,1.184028136E9,-19.56665000000008
power:tot:dev,870000,879999,10000,10000,-26.0,20.0,-1.9318,13.070646502755707,-19318.0,1708418.0,-0.1931250000000002
current:3.3v:dev,870000,879999,10000,10000,-554.0,445.0,-40.3618,284.09577504778207,-403618.0,8.07104094E8,-4.035055000000002
power:vio_1v8:dev,870000,879999,10000,10000,-1.0,2.0,0.0484,0.260768096208106,484.0,680.0,0.004839999999999893
voltage:vio_1v8:dev,880000,889999,10000,10000,-5.0,0.0,-1.44,1.8857889595604276,-14400.0,35562.0,-0.1439850000000011
voltage:3.3v:dev,880000,889999,10000,10000,44.0,51.0,47.6919,47.69663824631669,476919.0,2.2749693E7,4.768719999999453
power:3.3v:dev,880000,889999,10000,10000,-26.0,21.0,-1.962,13.137343719336874,-19620.0,1725898.0,-0.1961250000000008
current:vio_1v8:dev,880000,889999,10000,10000,-928.0,464.0,-195.3837,343.9282545822602,-1953837.0,1.182866443E9,-19.533715000000022
power:tot:dev,880000,889999,10000,10000,-26.0,22.0,-1.9158,13.131130949008163,-19158.0,1724266.0,-0.19151000000000118
current:3.3v:dev,880000,889999,10000,10000,-558.0,455.0,-40.0491,284.41571176712444,-400491.0,8.08922971E8,-4.003344999999993
power:vio_1v8:dev,880000,889999,10000,10000,-1.0,2.0,0.0462,0.2545584412271571,462.0,648.0,0.004614999999999906
voltage:vio_1v8:dev,890000,899999,10000,10000,-5.0,0.0,-1.441,1.8854177255982294,-14410.0,35548.0,-0.14408500000000124
voltage:3.3v:dev,890000,899999,10000,10000,44.0,51.0,47.7825,47.78598853220471,477825.0,2.2835007E7,4.777769999999488
power:3.3v:dev,890000,899999,10000,10000,-26.0,20.0,-1.9579,13.193964529283836,-19579.0,1740807.0,-0.1956900000000001
current:vio_1v8:dev,890000,899999,10000,10000,-943.0,494.0,-194.9056,343.44339562728527,-1949056.0,1.17953366E9,-19.486289999999993
power:tot:dev,890000,899999,10000,10000,-26.0,21.0,-1.9144,13.18774431053317,-19144.0,1739166.0,-0.1913450000000007
current:3.3v:dev,890000,899999,10000,10000,-554.0,449.0,-40.1658,285.0899615910739,-401658.0,8.12762862E8,-4.0144800000000105
power:vio_1v8:dev,890000,899999,10000,10000,-1.0,2.0,0.0435,0.25238858928247926,435.0,637.0,0.00434499999999991
voltage:vio_1v8:dev,900000,909999,10000,10000,-5.0,0.0,-1.4063,1.859112691581659,-14063.0,34563.0,-0.14062500000000183
voltage:3.3v:dev,900000,909999,10000,10000,44.0,51.0,47.8047,47.807962725889084,478047.0,2.2856013E7,4.779989999999496
power:3.3v:dev,900000,909999,10000,10000,-25.0,21.0,-1.9529,13.195177149246614,-19529.0,1741127.0,-0.1952350000000007
current:vio_1v8:dev,900000,909999,10000,10000,-973.0,463.0,-194.937,342.62386081532617,-1949370.0,1.1739111E9,-19.492875000000005
power:tot:dev,900000,909999,10000,10000,-25.0,21.0,-1.9103,13.193562824347334,-19103.0,1740701.0,-0.19097500000000064
current:3.3v:dev,900000,909999,10000,10000,-538.0,449.0,-40.0702,285.0119278205739,-400702.0,8.1231799E8,-4.005865000000015
power:vio_1v8:dev,900000,909999,10000,10000,-1.0,2.0,0.0426,0.2420743687382041,426.0,586.0,0.00425999999999992
voltage:vio_1v8:dev,910000,919999,10000,10000,-6.0,0.0,-1.46,1.8989470766717012,-14600.0,36060.0,-0.145985000000001
voltage:3.3v:dev,910000,919999,10000,10000,44.0,52.0,47.9108,47.91309424364075,479108.0,2.2956646E7,4.790614999999527
power:3.3v:dev,910000,919999,10000,10000,-26.0,21.0,-1.9298,13.255383811870557,-19298.0,1757052.0,-0.1929049999999999
current:vio_1v8:dev,910000,919999,10000,10000,-930.0,464.0,-195.2205,343.2365171423344,-1952205.0,1.178113067E9,-19.51769000000001
power:tot:dev,910000,919999,10000,10000,-26.0,22.0,-1.8822,13.251105614249703,-18822.0,1755918.0,-0.18815000000000007
current:3.3v:dev,910000,919999,10000,10000,-547.0,445.0,-39.6667,285.5882373278003,-396667.0,8.15606413E8,-3.9652300000000094
power:vio_1v8:dev,910000,919999,10000,10000,-1.0,2.0,0.0476,0.2645751311064591,476.0,700.0,0.0047549999999998965
voltage:vio_1v8:dev,920000,929999,10000,10000,-5.0,0.0,-1.4778,1.9101308855677928,-14778.0,36486.0,-0.14777000000000043
voltage:3.3v:dev,920000,929999,10000,10000,45.0,52.0,47.9879,47.9901833711854,479879.0,2.3030577E7,4.79830999999959
power:3.3v:dev,920000,929999,10000,10000,-26.0,22.0,-1.9467,13.23485171809643,-19467.0,1751613.0,-0.1946649999999996
current:vio_1v8:dev,920000,929999,10000,10000,-916.0,471.0,-195.4832,343.9332033985669,-1954832.0,1.182900484E9,-19.54916000000007
power:tot:dev,920000,929999,10000,10000,-26.0,23.0,-1.8938,13.23004913067219,-18938.0,1750342.0,-0.18937500000000013
current:3.3v:dev,920000,929999,10000,10000,-554.0,462.0,-40.0035,284.7117681094338,-400035.0,8.10607909E8,-4.0002649999999935
power:vio_1v8:dev,920000,929999,10000,10000,-1.0,2.0,0.0529,0.26551836094703507,529.0,705.0,0.005289999999999876
voltage:vio_1v8:dev,930000,939999,10000,10000,-5.0,0.0,-1.4184,1.8678865061882106,-14184.0,34890.0,-0.14182000000000125
voltage:3.3v:dev,930000,939999,10000,10000,46.0,52.0,48.116,48.11913548683101,481160.0,2.3154512E7,4.811119999999661
power:3.3v:dev,930000,939999,10000,10000,-27.0,22.0,-1.952,13.280647574572559,-19520.0,1763756.0,-0.1951250000000007
current:vio_1v8:dev,930000,939999,10000,10000,-913.0,504.0,-195.4034,342.6548423705697,-1954034.0,1.17412341E9,-19.53558000000002
power:tot:dev,930000,939999,10000,10000,-27.0,23.0,-1.9099,13.276298429908842,-19099.0,1762601.0,-0.19092000000000078
current:3.3v:dev,930000,939999,10000,10000,-580.0,462.0,-40.041,284.87939623637226,-400410.0,8.11562704E8,-4.002600000000009
power:vio_1v8:dev,930000,939999,10000,10000,-1.0,2.0,0.0421,0.24515301344262524,421.0,601.0,0.0042049999999999215
voltage:vio_1v8:dev,940000,949999,10000,10000,-5.0,0.0,-1.4062,1.8531055015837603,-14062.0,34340.0,-0.14062000000000166
voltage:3.3v:dev,940000,949999,10000,10000,45.0,52.0,48.1466,48.15030010290694,481466.0,2.3184514E7,4.814179999999644
power:3.3v:dev,940000,949999,10000,10000,-27.0,22.0,-1.9416,13.264961364436763,-19416.0,1759592.0,-0.19402000000000127
current:vio_1v8:dev,940000,949999,10000,10000,-923.0,457.0,-194.2103,340.301082719406,-1942103.0,1.158048269E9,-19.41817999999997
power:tot:dev,940000,949999,10000,10000,-27.0,22.0,-1.8999,13.26273350407072,-18999.0,1759001.0,-0.1898500000000007
current:3.3v:dev,940000,949999,10000,10000,-568.0,462.0,-39.722,284.32373449995345,-397220.0,8.0839986E8,-3.9691849999999858
power:vio_1v8:dev,940000,949999,10000,10000,-1.0,2.0,0.0417,0.24145392935299273,417.0,583.0,0.004169999999999921
voltage:vio_1v8:dev,950000,959999,10000,10000,-5.0,0.0,-1.5208,1.9432961688841976,-15208.0,37764.0,-0.1520499999999995
voltage:3.3v:dev,950000,959999,10000,10000,46.0,53.0,48.2259,48.23085215917297,482259.0,2.3262151E7,4.822109999999754
power:3.3v:dev,950000,959999,10000,10000,-27.0,22.0,-1.9771,13.32404968468671,-19771.0,1775303.0,-0.19775000000000112
current:vio_1v8:dev,950000,959999,10000,10000,-946.0,467.0,-195.1982,341.2720302046448,-1951982.0,1.164665986E9,-19.518585000000066
power:tot:dev,950000,959999,10000,10000,-27.0,22.0,-1.9246,13.310679922528376,-19246.0,1771742.0,-0.19250500000000118
current:3.3v:dev,950000,959999,10000,10000,-564.0,468.0,-40.175,284.92385895182593,-401750.0,8.11816054E8,-4.018299999999995
power:vio_1v8:dev,950000,959999,10000,10000,-1.0,2.0,0.0525,0.27622454633866267,525.0,763.0,0.005244999999999877
voltage:vio_1v8:dev,960000,969999,10000,10000,-5.0,0.0,-1.4669,1.9043371550227128,-14669.0,36265.0,-0.14668500000000062
voltage:3.3v:dev,960000,969999,10000,10000,46.0,52.0,48.3571,48.3641654533602,483571.0,2.3390925E7,4.835224999999776
power:3.3v:dev,960000,969999,10000,10000,-28.0,21.0,-1.9646,13.399985074618552,-19646.0,1795596.0,-0.196410000000001
current:vio_1v8:dev,960000,969999,10000,10000,-910.0,471.0,-194.0988,340.1338771719159,-1940988.0,1.156910544E9,-19.410444999999985
power:tot:dev,960000,969999,10000,10000,-28.0,22.0,-1.9175,13.394226368103535,-19175.0,1794053.0,-0.19170000000000062
current:3.3v:dev,960000,969999,10000,10000,-601.0,445.0,-39.7033,285.6650225351364,-397033.0,8.16045051E8,-3.9692999999999707
power:vio_1v8:dev,960000,969999,10000,10000,-1.0,2.0,0.0471,0.25787593916455254,471.0,665.0,0.004709999999999899
voltage:vio_1v8:dev,970000,979999,10000,10000,-5.0,0.0,-1.436,1.8775515971605148,-14360.0,35252.0,-0.14358000000000107
voltage:3.3v:dev,970000,979999,10000,10000,46.0,53.0,48.4997,48.509274370990134,484997.0,2.3531497E7,4.849489999999826
power:3.3v:dev,970000,979999,10000,10000,-26.0,20.0,-1.9964,13.397223592968807,-19964.0,1794856.0,-0.19968999999999978
current:vio_1v8:dev,970000,979999,10000,10000,-894.0,477.0,-195.3989,341.0480759365166,-1953989.0,1.163137901E9,-19.53764500000002
power:tot:dev,970000,979999,10000,10000,-26.0,21.0,-1.9498,13.391489834966086,-19498.0,1793320.0,-0.19503
current:3.3v:dev,970000,979999,10000,10000,-547.0,433.0,-39.9053,284.72467490542505,-399053.0,8.10681405E8,-3.991640000000008
power:vio_1v8:dev,970000,979999,10000,10000,-1.0,2.0,0.0466,0.25768197453450253,466.0,664.0,0.004659999999999904
voltage:vio_1v8:dev,980000,989999,10000,10000,-6.0,0.0,-1.4006,1.8507295858660713,-14006.0,34252.0,-0.1400500000000017
voltage:3.3v:dev,980000,989999,10000,10000,46.0,53.0,48.6144,48.62584086676548,486144.0,2.3644724E7,4.860959999999915
power:3.3v:dev,980000,989999,10000,10000,-26.0,22.0,-1.9933,13.422045298686784,-19933.0,1801513.0,-0.19920500000000094
current:vio_1v8:dev,980000,989999,10000,10000,-847.0,473.0,-195.2226,341.50953749492857,-1952226.0,1.166287642E9,-19.517510000000005
power:tot:dev,980000,989999,10000,10000,-26.0,22.0,-1.9472,13.421944717513925,-19472.0,1801486.0,-0.1946000000000005
current:3.3v:dev,980000,989999,10000,10000,-554.0,449.0,-39.6132,284.51264295282203,-396132.0,8.0947444E8,-3.958624999999995
power:vio_1v8:dev,980000,989999,10000,10000,-1.0,3.0,0.0461,0.2511971337416094,461.0,631.0,0.004604999999999903
voltage:vio_1v8:dev,990000,999999,10000,10000,-5.0,0.0,-1.4743,1.9117792759625782,-14743.0,36549.0,-0.1474200000000005
voltage:3.3v:dev,990000,999999,10000,10000,46.0,53.0,48.8731,48.888445465160785,488731.0,2.3900801E7,4.8868199999999495
power:3.3v:dev,990000,999999,10000,10000,-27.0,21.0,-2.0446,13.539955686781253,-20446.0,1833304.0,-0.20440499999999984
current:vio_1v8:dev,990000,999999,10000,10000,-899.0,477.0,-193.8043,339.87601312831714,-1938043.0,1.155157043E9,-19.378095000000073
power:tot:dev,990000,999999,10000,10000,-27.0,21.0,-1.9918,13.536210695759726,-19918.0,1832290.0,-0.19912500000000025
current:3.3v:dev,990000,999999,10000,10000,-578.0,442.0,-40.0185,285.37257068611206,-400185.0,8.14375041E8,-4.000839999999988
power:vio_1v8:dev,990000,999999,10000,10000,-1.0,3.0,0.0528,0.2634387974463898,528.0,694.0,0.0052799999999998725
voltage:vio_1v8:dev,1000000,1009999,10000,10000,-5.0,0.0,-1.4454,1.8853116453255148,-14454.0,35544.0,-0.14451500000000028
voltage:3.3v:dev,1000000,1009999,10000,10000,47.0,53.0,49.2834,49.303936962477955,492834.0,2.4308782E7,4.927859999999974
power:3.3v:dev,1000000,1009999,10000,10000,-28.0,22.0,-2.0729,13.637716084447572,-20729.0,1859873.0,-0.20739500000000075
current:vio_1v8:dev,1000000,1009999,10000,10000,-917.0,457.0,-194.7862,340.15737593061243,-1947862.0,1.157070404E9,-19.47688999999997
power:tot:dev,1000000,1009999,10000,10000,-28.0,22.0,-2.0234,13.635131095812756,-20234.0,1859168.0,-0.2024450000000007
current:3.3v:dev,1000000,1009999,10000,10000,-565.0,451.0,-39.8733,284.82004055192465,-398733.0,8.11224555E8,-3.9896650000000107
power:vio_1v8:dev,1000000,1009999,10000,10000,-1.0,2.0,0.0495,0.26210684844162313,495.0,687.0,0.004949999999999889
voltage:vio_1v8:dev,1010000,1019999,10000,10000,-5.0,0.0,-1.4901,1.922472366511415,-14901.0,36959.0,-0.1490100000000002
voltage:3.3v:dev,1010000,1019999,10000,10000,47.0,53.0,49.444,49.465830630850625,494440.0,2.4468684E7,4.9439149999999845
power:3.3v:dev,1010000,1019999,10000,10000,-27.0,22.0,-2.085,13.716756176297661,-20850.0,1881494.0,-0.20829500000000165
current:vio_1v8:dev,1010000,1019999,10000,10000,-897.0,467.0,-194.5858,340.40931949639685,-1945858.0,1.158785048E9,-19.454449999999973
power:tot:dev,1010000,1019999,10000,10000,-27.0,22.0,-2.032,13.711695737581111,-20320.0,1880106.0,-0.20299500000000192
current:3.3v:dev,1010000,1019999,10000,10000,-564.0,462.0,-39.6927,285.27300555783404,-396927.0,8.13806877E8,-3.9649399999999813
power:vio_1v8:dev,1010000,1019999,10000,10000,-1.0,2.0,0.053,0.2645751311064591,530.0,700.0,0.005299999999999877
digital:smb_data:dev,0,9999,10000,10000,1.0,1.0,1.0,1.0,10000.0,10000.0,10.238975999999084
digital:led_1#:dev,0,9999,10000,10000,0.0,0.0,0.0,0.0,0.0,0.0,0.0
digital:smb_clk:dev,0,9999,10000,10000,1.0,1.0,1.0,1.0,10000.0,10000.0,10.238975999999084
digital:devslp:dev,0,9999,10000,10000,0.0,0.0,0.0,0.0,0.0,0.0,0.0
digital:vio_cfg:dev,0,9999,10000,10000,0.0,0.0,0.0,0.0,0.0,0.0,0.0
digital:alert#:dev,0,9999,10000,10000,1.0,1.0,1.0,1.0,10000.0,10000.0,10.238975999999084
digital:susclk:dev,0,9999,10000,10000,1.0,1.0,1.0,1.0,10000.0,10000.0,10.238975999999084
digital:mfg_clk:dev,0,9999,10000,10000,0.0,0.0,0.0,0.0,0.0,0.0,0.0
digital:pln#:dev,0,9999,10000,10000,0.0,0.0,0.0,0.0,0.0,0.0,0.0
digital:pwrdis:dev,0,9999,10000,10000,0.0,0.0,0.0,0.0,0.0,0.0,0.0
digital:mfg_data:dev,0,9999,10000,10000,0.0,0.0,0.0,0.0,0.0,0.0,0.0
digital:clkreq#:dev,0,9999,10000,10000,1.0,1.0,1.0,1.0,10000.0,10000.0,10.238975999999084
digital:perst#:dev,0,9999,10000,10000,1.0,1.0,1.0,1.0,10000.0,10000.0,10.238975999999084
digital:pewake#:dev,0,9999,10000,10000,1.0,1.0,1.0,1.0,10000.0,10000.0,10.238975999999084
digital:pla_s3#:dev,0,9999,10000,10000,0.0,0.0,0.0,0.0,0.0,0.0,0.0
digital:pedet:dev,0,9999,10000,10000,1.0,1.0,1.0,1.0,10000.0,10000.0,10.238975999999084
