Version="2.0"
numberBins=-1
binSize=10000
cirKey,startRecNo,endRecNo,min,max
voltage:vio_1v8:tl,0,9999,-5.0,0.0
current:vio_1v8:tl,0,9999,-983.0,477.0
power:vio_1v8:tl,0,9999,-1.0,3.0
current:3.3v:tl,0,9999,-577.0,481.0
voltage:3.3v:tl,0,9999,3.0,10.0
power:tot:tl,0,9999,-5.0,4.0
power:3.3v:tl,0,9999,-5.0,3.0
voltage:vio_1v8:tl,10000,19999,-5.0,0.0
current:vio_1v8:tl,10000,19999,-1159.0,490.0
power:vio_1v8:tl,10000,19999,-1.0,2.0
current:3.3v:tl,10000,19999,-574.0,462.0
voltage:3.3v:tl,10000,19999,5.0,10.0
power:tot:tl,10000,19999,-5.0,4.0
power:3.3v:tl,10000,19999,-5.0,3.0
voltage:vio_1v8:tl,20000,29999,-5.0,0.0
current:vio_1v8:tl,20000,29999,-950.0,497.0
power:vio_1v8:tl,20000,29999,-1.0,2.0
current:3.3v:tl,20000,29999,-575.0,458.0
voltage:3.3v:tl,20000,29999,5.0,10.0
power:tot:tl,20000,29999,-5.0,4.0
power:3.3v:tl,20000,29999,-5.0,4.0
voltage:vio_1v8:tl,30000,39999,-5.0,0.0
current:vio_1v8:tl,30000,39999,-933.0,527.0
power:vio_1v8:tl,30000,39999,-1.0,2.0
current:3.3v:tl,30000,39999,-564.0,458.0
voltage:3.3v:tl,30000,39999,5.0,11.0
power:tot:tl,30000,39999,-5.0,4.0
power:3.3v:tl,30000,39999,-5.0,4.0
voltage:vio_1v8:tl,40000,49999,-5.0,0.0
current:vio_1v8:tl,40000,49999,-1060.0,487.0
power:vio_1v8:tl,40000,49999,-1.0,2.0
current:3.3v:tl,40000,49999,-557.0,449.0
voltage:3.3v:tl,40000,49999,5.0,13.0
power:tot:tl,40000,49999,-6.0,5.0
power:3.3v:tl,40000,49999,-6.0,4.0
voltage:vio_1v8:tl,50000,59999,-5.0,0.0
current:vio_1v8:tl,50000,59999,-993.0,523.0
power:vio_1v8:tl,50000,59999,-1.0,2.0
current:3.3v:tl,50000,59999,-557.0,456.0
voltage:3.3v:tl,50000,59999,5.0,13.0
power:tot:tl,50000,59999,-5.0,4.0
power:3.3v:tl,50000,59999,-5.0,4.0
voltage:vio_1v8:tl,60000,69999,-5.0,0.0
current:vio_1v8:tl,60000,69999,-960.0,520.0
power:vio_1v8:tl,60000,69999,-1.0,2.0
current:3.3v:tl,60000,69999,-544.0,449.0
voltage:3.3v:tl,60000,69999,6.0,13.0
power:tot:tl,60000,69999,-6.0,5.0
power:3.3v:tl,60000,69999,-6.0,4.0
voltage:vio_1v8:tl,70000,79999,-6.0,0.0
current:vio_1v8:tl,70000,79999,-946.0,505.0
power:vio_1v8:tl,70000,79999,-1.0,2.0
current:3.3v:tl,70000,79999,-547.0,455.0
voltage:3.3v:tl,70000,79999,6.0,14.0
power:tot:tl,70000,79999,-6.0,5.0
power:3.3v:tl,70000,79999,-6.0,4.0
voltage:vio_1v8:tl,80000,89999,-5.0,0.0
current:vio_1v8:tl,80000,89999,-937.0,476.0
power:vio_1v8:tl,80000,89999,-1.0,2.0
current:3.3v:tl,80000,89999,-544.0,481.0
voltage:3.3v:tl,80000,89999,7.0,15.0
power:tot:tl,80000,89999,-6.0,5.0
power:3.3v:tl,80000,89999,-6.0,4.0
voltage:vio_1v8:tl,90000,99999,-5.0,0.0
current:vio_1v8:tl,90000,99999,-974.0,523.0
power:vio_1v8:tl,90000,99999,-1.0,2.0
current:3.3v:tl,90000,99999,-541.0,450.0
voltage:3.3v:tl,90000,99999,8.0,15.0
power:tot:tl,90000,99999,-6.0,5.0
power:3.3v:tl,90000,99999,-6.0,4.0
voltage:vio_1v8:tl,100000,109999,-5.0,0.0
current:vio_1v8:tl,100000,109999,-966.0,482.0
power:vio_1v8:tl,100000,109999,-1.0,2.0
current:3.3v:tl,100000,109999,-538.0,451.0
voltage:3.3v:tl,100000,109999,8.0,15.0
power:tot:tl,100000,109999,-7.0,6.0
power:3.3v:tl,100000,109999,-7.0,5.0
voltage:vio_1v8:tl,110000,119999,-5.0,0.0
current:vio_1v8:tl,110000,119999,-962.0,497.0
power:vio_1v8:tl,110000,119999,-1.0,2.0
current:3.3v:tl,110000,119999,-544.0,476.0
voltage:3.3v:tl,110000,119999,9.0,15.0
power:tot:tl,110000,119999,-7.0,8.0
power:3.3v:tl,110000,119999,-7.0,6.0
voltage:vio_1v8:tl,120000,129999,-5.0,0.0
current:vio_1v8:tl,120000,129999,-944.0,566.0
power:vio_1v8:tl,120000,129999,-1.0,2.0
current:3.3v:tl,120000,129999,-584.0,462.0
voltage:3.3v:tl,120000,129999,10.0,15.0
power:tot:tl,120000,129999,-8.0,6.0
power:3.3v:tl,120000,129999,-8.0,6.0
voltage:vio_1v8:tl,130000,139999,-5.0,0.0
current:vio_1v8:tl,130000,139999,-955.0,487.0
power:vio_1v8:tl,130000,139999,-1.0,2.0
current:3.3v:tl,130000,139999,-574.0,422.0
voltage:3.3v:tl,130000,139999,10.0,17.0
power:tot:tl,130000,139999,-7.0,6.0
power:3.3v:tl,130000,139999,-8.0,6.0
voltage:vio_1v8:tl,140000,149999,-5.0,0.0
current:vio_1v8:tl,140000,149999,-969.0,470.0
power:vio_1v8:tl,140000,149999,-1.0,2.0
current:3.3v:tl,140000,149999,-564.0,479.0
voltage:3.3v:tl,140000,149999,10.0,18.0
power:tot:tl,140000,149999,-8.0,7.0
power:3.3v:tl,140000,149999,-8.0,6.0
voltage:vio_1v8:tl,150000,159999,-5.0,0.0
current:vio_1v8:tl,150000,159999,-981.0,467.0
power:vio_1v8:tl,150000,159999,-1.0,3.0
current:3.3v:tl,150000,159999,-575.0,442.0
voltage:3.3v:tl,150000,159999,11.0,18.0
power:tot:tl,150000,159999,-9.0,7.0
power:3.3v:tl,150000,159999,-9.0,6.0
voltage:vio_1v8:tl,160000,169999,-5.0,0.0
current:vio_1v8:tl,160000,169999,-950.0,487.0
power:vio_1v8:tl,160000,169999,-1.0,2.0
current:3.3v:tl,160000,169999,-561.0,462.0
voltage:3.3v:tl,160000,169999,11.0,20.0
power:tot:tl,160000,169999,-8.0,7.0
power:3.3v:tl,160000,169999,-8.0,6.0
voltage:vio_1v8:tl,170000,179999,-5.0,0.0
current:vio_1v8:tl,170000,179999,-905.0,530.0
power:vio_1v8:tl,170000,179999,-1.0,2.0
current:3.3v:tl,170000,179999,-567.0,462.0
voltage:3.3v:tl,170000,179999,13.0,20.0
power:tot:tl,170000,179999,-10.0,7.0
power:3.3v:tl,170000,179999,-10.0,6.0
voltage:vio_1v8:tl,180000,189999,-5.0,0.0
current:vio_1v8:tl,180000,189999,-940.0,500.0
power:vio_1v8:tl,180000,189999,-1.0,2.0
current:3.3v:tl,180000,189999,-564.0,499.0
voltage:3.3v:tl,180000,189999,13.0,20.0
power:tot:tl,180000,189999,-10.0,8.0
power:3.3v:tl,180000,189999,-10.0,7.0
voltage:vio_1v8:tl,190000,199999,-5.0,0.0
current:vio_1v8:tl,190000,199999,-1003.0,514.0
power:vio_1v8:tl,190000,199999,-1.0,2.0
current:3.3v:tl,190000,199999,-578.0,462.0
voltage:3.3v:tl,190000,199999,13.0,20.0
power:tot:tl,190000,199999,-11.0,7.0
power:3.3v:tl,190000,199999,-11.0,7.0
voltage:vio_1v8:tl,200000,209999,-5.0,0.0
current:vio_1v8:tl,200000,209999,-973.0,477.0
power:vio_1v8:tl,200000,209999,-1.0,3.0
current:3.3v:tl,200000,209999,-557.0,485.0
voltage:3.3v:tl,200000,209999,15.0,20.0
power:tot:tl,200000,209999,-10.0,8.0
power:3.3v:tl,200000,209999,-10.0,8.0
voltage:vio_1v8:tl,210000,219999,-5.0,0.0
current:vio_1v8:tl,210000,219999,-938.0,500.0
power:vio_1v8:tl,210000,219999,-1.0,2.0
current:3.3v:tl,210000,219999,-564.0,426.0
voltage:3.3v:tl,210000,219999,15.0,21.0
power:tot:tl,210000,219999,-10.0,8.0
power:3.3v:tl,210000,219999,-10.0,8.0
voltage:vio_1v8:tl,220000,229999,-5.0,0.0
current:vio_1v8:tl,220000,229999,-960.0,493.0
power:vio_1v8:tl,220000,229999,-1.0,3.0
current:3.3v:tl,220000,229999,-554.0,462.0
voltage:3.3v:tl,220000,229999,15.0,22.0
power:tot:tl,220000,229999,-11.0,9.0
power:3.3v:tl,220000,229999,-11.0,8.0
voltage:vio_1v8:tl,230000,239999,-5.0,0.0
current:vio_1v8:tl,230000,239999,-1010.0,475.0
power:vio_1v8:tl,230000,239999,-1.0,3.0
current:3.3v:tl,230000,239999,-551.0,462.0
voltage:3.3v:tl,230000,239999,15.0,22.0
power:tot:tl,230000,239999,-11.0,9.0
power:3.3v:tl,230000,239999,-11.0,9.0
voltage:vio_1v8:tl,240000,249999,-5.0,0.0
current:vio_1v8:tl,240000,249999,-979.0,510.0
power:vio_1v8:tl,240000,249999,-1.0,2.0
current:3.3v:tl,240000,249999,-564.0,462.0
voltage:3.3v:tl,240000,249999,15.0,23.0
power:tot:tl,240000,249999,-11.0,9.0
power:3.3v:tl,240000,249999,-11.0,9.0
voltage:vio_1v8:tl,250000,259999,-5.0,0.0
current:vio_1v8:tl,250000,259999,-1016.0,490.0
power:vio_1v8:tl,250000,259999,-1.0,2.0
current:3.3v:tl,250000,259999,-546.0,458.0
voltage:3.3v:tl,250000,259999,18.0,23.0
power:tot:tl,250000,259999,-11.0,10.0
power:3.3v:tl,250000,259999,-11.0,9.0
voltage:vio_1v8:tl,260000,269999,-5.0,0.0
current:vio_1v8:tl,260000,269999,-929.0,480.0
power:vio_1v8:tl,260000,269999,-1.0,3.0
current:3.3v:tl,260000,269999,-547.0,462.0
voltage:3.3v:tl,260000,269999,18.0,24.0
power:tot:tl,260000,269999,-12.0,10.0
power:3.3v:tl,260000,269999,-12.0,9.0
voltage:vio_1v8:tl,270000,279999,-5.0,0.0
current:vio_1v8:tl,270000,279999,-944.0,477.0
power:vio_1v8:tl,270000,279999,-1.0,2.0
current:3.3v:tl,270000,279999,-552.0,462.0
voltage:3.3v:tl,270000,279999,19.0,24.0
power:tot:tl,270000,279999,-12.0,10.0
power:3.3v:tl,270000,279999,-12.0,9.0
voltage:vio_1v8:tl,280000,289999,-5.0,0.0
current:vio_1v8:tl,280000,289999,-906.0,475.0
power:vio_1v8:tl,280000,289999,-1.0,2.0
current:3.3v:tl,280000,289999,-545.0,439.0
voltage:3.3v:tl,280000,289999,19.0,25.0
power:tot:tl,280000,289999,-12.0,9.0
power:3.3v:tl,280000,289999,-12.0,9.0
voltage:vio_1v8:tl,290000,299999,-5.0,0.0
current:vio_1v8:tl,290000,299999,-993.0,493.0
power:vio_1v8:tl,290000,299999,-1.0,2.0
current:3.3v:tl,290000,299999,-554.0,476.0
voltage:3.3v:tl,290000,299999,20.0,24.0
power:tot:tl,290000,299999,-13.0,11.0
power:3.3v:tl,290000,299999,-13.0,10.0
voltage:vio_1v8:tl,300000,309999,-5.0,0.0
current:vio_1v8:tl,300000,309999,-990.0,510.0
power:vio_1v8:tl,300000,309999,-1.0,2.0
current:3.3v:tl,300000,309999,-554.0,462.0
voltage:3.3v:tl,300000,309999,20.0,27.0
power:tot:tl,300000,309999,-13.0,11.0
power:3.3v:tl,300000,309999,-13.0,10.0
voltage:vio_1v8:tl,310000,319999,-5.0,0.0
current:vio_1v8:tl,310000,319999,-1010.0,470.0
power:vio_1v8:tl,310000,319999,-1.0,2.0
current:3.3v:tl,310000,319999,-546.0,455.0
voltage:3.3v:tl,310000,319999,20.0,27.0
power:tot:tl,310000,319999,-13.0,11.0
power:3.3v:tl,310000,319999,-13.0,10.0
voltage:vio_1v8:tl,320000,329999,-5.0,0.0
current:vio_1v8:tl,320000,329999,-997.0,490.0
power:vio_1v8:tl,320000,329999,-1.0,3.0
current:3.3v:tl,320000,329999,-571.0,465.0
voltage:3.3v:tl,320000,329999,20.0,27.0
power:tot:tl,320000,329999,-13.0,10.0
power:3.3v:tl,320000,329999,-13.0,10.0
voltage:vio_1v8:tl,330000,339999,-5.0,0.0
current:vio_1v8:tl,330000,339999,-986.0,524.0
power:vio_1v8:tl,330000,339999,-1.0,2.0
current:3.3v:tl,330000,339999,-570.0,482.0
voltage:3.3v:tl,330000,339999,21.0,28.0
power:tot:tl,330000,339999,-13.0,12.0
power:3.3v:tl,330000,339999,-13.0,11.0
voltage:vio_1v8:tl,340000,349999,-5.0,0.0
current:vio_1v8:tl,340000,349999,-946.0,480.0
power:vio_1v8:tl,340000,349999,-1.0,2.0
current:3.3v:tl,340000,349999,-561.0,462.0
voltage:3.3v:tl,340000,349999,22.0,29.0
power:tot:tl,340000,349999,-14.0,12.0
power:3.3v:tl,340000,349999,-14.0,11.0
voltage:vio_1v8:tl,350000,359999,-5.0,0.0
current:vio_1v8:tl,350000,359999,-1010.0,477.0
power:vio_1v8:tl,350000,359999,-1.0,2.0
current:3.3v:tl,350000,359999,-561.0,462.0
voltage:3.3v:tl,350000,359999,22.0,29.0
power:tot:tl,350000,359999,-15.0,12.0
power:3.3v:tl,350000,359999,-15.0,11.0
voltage:vio_1v8:tl,360000,369999,-5.0,0.0
current:vio_1v8:tl,360000,369999,-987.0,500.0
power:vio_1v8:tl,360000,369999,-1.0,2.0
current:3.3v:tl,360000,369999,-541.0,478.0
voltage:3.3v:tl,360000,369999,23.0,29.0
power:tot:tl,360000,369999,-15.0,12.0
power:3.3v:tl,360000,369999,-15.0,12.0
voltage:vio_1v8:tl,370000,379999,-5.0,0.0
current:vio_1v8:tl,370000,379999,-990.0,520.0
power:vio_1v8:tl,370000,379999,-1.0,2.0
current:3.3v:tl,370000,379999,-551.0,458.0
voltage:3.3v:tl,370000,379999,24.0,29.0
power:tot:tl,370000,379999,-15.0,12.0
power:3.3v:tl,370000,379999,-15.0,11.0
voltage:vio_1v8:tl,380000,389999,-5.0,0.0
current:vio_1v8:tl,380000,389999,-943.0,509.0
power:vio_1v8:tl,380000,389999,-1.0,2.0
current:3.3v:tl,380000,389999,-557.0,462.0
voltage:3.3v:tl,380000,389999,24.0,31.0
power:tot:tl,380000,389999,-16.0,12.0
power:3.3v:tl,380000,389999,-16.0,11.0
voltage:vio_1v8:tl,390000,399999,-5.0,0.0
current:vio_1v8:tl,390000,399999,-1031.0,500.0
power:vio_1v8:tl,390000,399999,-1.0,3.0
current:3.3v:tl,390000,399999,-574.0,462.0
voltage:3.3v:tl,390000,399999,24.0,32.0
power:tot:tl,390000,399999,-15.0,13.0
power:3.3v:tl,390000,399999,-16.0,13.0
voltage:vio_1v8:tl,400000,409999,-5.0,0.0
current:vio_1v8:tl,400000,409999,-946.0,504.0
power:vio_1v8:tl,400000,409999,-1.0,2.0
current:3.3v:tl,400000,409999,-577.0,439.0
voltage:3.3v:tl,400000,409999,24.0,32.0
power:tot:tl,400000,409999,-16.0,13.0
power:3.3v:tl,400000,409999,-16.0,12.0
voltage:vio_1v8:tl,410000,419999,-5.0,0.0
current:vio_1v8:tl,410000,419999,-1029.0,483.0
power:vio_1v8:tl,410000,419999,-1.0,2.0
current:3.3v:tl,410000,419999,-558.0,465.0
voltage:3.3v:tl,410000,419999,24.0,32.0
power:tot:tl,410000,419999,-16.0,13.0
power:3.3v:tl,410000,419999,-16.0,13.0
voltage:vio_1v8:tl,420000,429999,-5.0,0.0
current:vio_1v8:tl,420000,429999,-939.0,490.0
power:vio_1v8:tl,420000,429999,-1.0,2.0
current:3.3v:tl,420000,429999,-574.0,468.0
voltage:3.3v:tl,420000,429999,25.0,33.0
power:tot:tl,420000,429999,-18.0,13.0
power:3.3v:tl,420000,429999,-18.0,13.0
voltage:vio_1v8:tl,430000,439999,-5.0,0.0
current:vio_1v8:tl,430000,439999,-1023.0,470.0
power:vio_1v8:tl,430000,439999,-1.0,2.0
current:3.3v:tl,430000,439999,-551.0,478.0
voltage:3.3v:tl,430000,439999,27.0,34.0
power:tot:tl,430000,439999,-17.0,14.0
power:3.3v:tl,430000,439999,-17.0,13.0
voltage:vio_1v8:tl,440000,449999,-5.0,0.0
current:vio_1v8:tl,440000,449999,-1003.0,527.0
power:vio_1v8:tl,440000,449999,-1.0,2.0
current:3.3v:tl,440000,449999,-581.0,455.0
voltage:3.3v:tl,440000,449999,27.0,34.0
power:tot:tl,440000,449999,-18.0,14.0
power:3.3v:tl,440000,449999,-18.0,13.0
voltage:vio_1v8:tl,450000,459999,-5.0,0.0
current:vio_1v8:tl,450000,459999,-1029.0,486.0
power:vio_1v8:tl,450000,459999,-1.0,2.0
current:3.3v:tl,450000,459999,-548.0,439.0
voltage:3.3v:tl,450000,459999,29.0,34.0
power:tot:tl,450000,459999,-18.0,13.0
power:3.3v:tl,450000,459999,-18.0,13.0
voltage:vio_1v8:tl,460000,469999,-5.0,0.0
current:vio_1v8:tl,460000,469999,-1033.0,469.0
power:vio_1v8:tl,460000,469999,-1.0,3.0
current:3.3v:tl,460000,469999,-557.0,439.0
voltage:3.3v:tl,460000,469999,29.0,36.0
power:tot:tl,460000,469999,-18.0,14.0
power:3.3v:tl,460000,469999,-18.0,13.0
voltage:vio_1v8:tl,470000,479999,-5.0,0.0
current:vio_1v8:tl,470000,479999,-977.0,510.0
power:vio_1v8:tl,470000,479999,-1.0,2.0
current:3.3v:tl,470000,479999,-555.0,444.0
voltage:3.3v:tl,470000,479999,29.0,37.0
power:tot:tl,470000,479999,-18.0,15.0
power:3.3v:tl,470000,479999,-18.0,15.0
voltage:vio_1v8:tl,480000,489999,-5.0,0.0
current:vio_1v8:tl,480000,489999,-989.0,490.0
power:vio_1v8:tl,480000,489999,-1.0,2.0
current:3.3v:tl,480000,489999,-557.0,455.0
voltage:3.3v:tl,480000,489999,30.0,38.0
power:tot:tl,480000,489999,-18.0,16.0
power:3.3v:tl,480000,489999,-18.0,15.0
voltage:vio_1v8:tl,490000,499999,-5.0,0.0
current:vio_1v8:tl,490000,499999,-903.0,481.0
power:vio_1v8:tl,490000,499999,-1.0,2.0
current:3.3v:tl,490000,499999,-546.0,465.0
voltage:3.3v:tl,490000,499999,30.0,37.0
power:tot:tl,490000,499999,-18.0,15.0
power:3.3v:tl,490000,499999,-18.0,15.0
voltage:vio_1v8:tl,500000,509999,-5.0,0.0
current:vio_1v8:tl,500000,509999,-911.0,510.0
power:vio_1v8:tl,500000,509999,-1.0,2.0
current:3.3v:tl,500000,509999,-558.0,445.0
voltage:3.3v:tl,500000,509999,30.0,39.0
power:tot:tl,500000,509999,-19.0,15.0
power:3.3v:tl,500000,509999,-19.0,14.0
voltage:vio_1v8:tl,510000,519999,-5.0,0.0
current:vio_1v8:tl,510000,519999,-1139.0,488.0
power:vio_1v8:tl,510000,519999,-1.0,3.0
current:3.3v:tl,510000,519999,-541.0,465.0
voltage:3.3v:tl,510000,519999,32.0,39.0
power:tot:tl,510000,519999,-19.0,15.0
power:3.3v:tl,510000,519999,-19.0,15.0
voltage:vio_1v8:tl,520000,529999,-5.0,0.0
current:vio_1v8:tl,520000,529999,-905.0,504.0
power:vio_1v8:tl,520000,529999,-1.0,2.0
current:3.3v:tl,520000,529999,-554.0,462.0
voltage:3.3v:tl,520000,529999,32.0,39.0
power:tot:tl,520000,529999,-21.0,16.0
power:3.3v:tl,520000,529999,-21.0,15.0
voltage:vio_1v8:tl,530000,539999,-5.0,0.0
current:vio_1v8:tl,530000,539999,-967.0,520.0
power:vio_1v8:tl,530000,539999,-1.0,2.0
current:3.3v:tl,530000,539999,-517.0,449.0
voltage:3.3v:tl,530000,539999,34.0,39.0
power:tot:tl,530000,539999,-19.0,16.0
power:3.3v:tl,530000,539999,-19.0,15.0
voltage:vio_1v8:tl,540000,549999,-5.0,0.0
current:vio_1v8:tl,540000,549999,-993.0,470.0
power:vio_1v8:tl,540000,549999,-1.0,2.0
current:3.3v:tl,540000,549999,-557.0,419.0
voltage:3.3v:tl,540000,549999,34.0,39.0
power:tot:tl,540000,549999,-21.0,15.0
power:3.3v:tl,540000,549999,-21.0,15.0
voltage:vio_1v8:tl,550000,559999,-7.0,0.0
current:vio_1v8:tl,550000,559999,-999.0,477.0
power:vio_1v8:tl,550000,559999,-1.0,3.0
current:3.3v:tl,550000,559999,-570.0,442.0
voltage:3.3v:tl,550000,559999,34.0,39.0
power:tot:tl,550000,559999,-22.0,18.0
power:3.3v:tl,550000,559999,-22.0,17.0
voltage:vio_1v8:tl,560000,569999,-5.0,0.0
current:vio_1v8:tl,560000,569999,-957.0,504.0
power:vio_1v8:tl,560000,569999,-1.0,2.0
current:3.3v:tl,560000,569999,-547.0,445.0
voltage:3.3v:tl,560000,569999,34.0,42.0
power:tot:tl,560000,569999,-20.0,16.0
power:3.3v:tl,560000,569999,-20.0,16.0
voltage:vio_1v8:tl,570000,579999,-5.0,0.0
current:vio_1v8:tl,570000,579999,-946.0,476.0
power:vio_1v8:tl,570000,579999,-1.0,2.0
current:3.3v:tl,570000,579999,-581.0,462.0
voltage:3.3v:tl,570000,579999,34.0,41.0
power:tot:tl,570000,579999,-22.0,19.0
power:3.3v:tl,570000,579999,-22.0,18.0
voltage:vio_1v8:tl,580000,589999,-5.0,0.0
current:vio_1v8:tl,580000,589999,-991.0,470.0
power:vio_1v8:tl,580000,589999,-1.0,2.0
current:3.3v:tl,580000,589999,-557.0,489.0
voltage:3.3v:tl,580000,589999,34.0,41.0
power:tot:tl,580000,589999,-21.0,19.0
power:3.3v:tl,580000,589999,-21.0,19.0
voltage:vio_1v8:tl,590000,599999,-5.0,0.0
current:vio_1v8:tl,590000,599999,-989.0,464.0
power:vio_1v8:tl,590000,599999,-1.0,2.0
current:3.3v:tl,590000,599999,-554.0,514.0
voltage:3.3v:tl,590000,599999,34.0,43.0
power:tot:tl,590000,599999,-20.0,20.0
power:3.3v:tl,590000,599999,-21.0,20.0
voltage:vio_1v8:tl,600000,609999,-5.0,0.0
current:vio_1v8:tl,600000,609999,-1003.0,497.0
power:vio_1v8:tl,600000,609999,-1.0,2.0
current:3.3v:tl,600000,609999,-561.0,433.0
voltage:3.3v:tl,600000,609999,34.0,42.0
power:tot:tl,600000,609999,-21.0,16.0
power:3.3v:tl,600000,609999,-21.0,16.0
voltage:vio_1v8:tl,610000,619999,-5.0,0.0
current:vio_1v8:tl,610000,619999,-913.0,480.0
power:vio_1v8:tl,610000,619999,-1.0,3.0
current:3.3v:tl,610000,619999,-557.0,481.0
voltage:3.3v:tl,610000,619999,35.0,42.0
power:tot:tl,610000,619999,-22.0,19.0
power:3.3v:tl,610000,619999,-22.0,18.0
voltage:vio_1v8:tl,620000,629999,-5.0,0.0
current:vio_1v8:tl,620000,629999,-987.0,487.0
power:vio_1v8:tl,620000,629999,-1.0,2.0
current:3.3v:tl,620000,629999,-540.0,445.0
voltage:3.3v:tl,620000,629999,35.0,43.0
power:tot:tl,620000,629999,-22.0,18.0
power:3.3v:tl,620000,629999,-22.0,17.0
voltage:vio_1v8:tl,630000,639999,-5.0,0.0
current:vio_1v8:tl,630000,639999,-946.0,486.0
power:vio_1v8:tl,630000,639999,-1.0,3.0
current:3.3v:tl,630000,639999,-551.0,455.0
voltage:3.3v:tl,630000,639999,36.0,44.0
power:tot:tl,630000,639999,-21.0,17.0
power:3.3v:tl,630000,639999,-21.0,17.0
voltage:vio_1v8:tl,640000,649999,-5.0,0.0
current:vio_1v8:tl,640000,649999,-976.0,566.0
power:vio_1v8:tl,640000,649999,-1.0,2.0
current:3.3v:tl,640000,649999,-553.0,465.0
voltage:3.3v:tl,640000,649999,37.0,44.0
power:tot:tl,640000,649999,-22.0,18.0
power:3.3v:tl,640000,649999,-22.0,18.0
voltage:vio_1v8:tl,650000,659999,-5.0,0.0
current:vio_1v8:tl,650000,659999,-1026.0,460.0
power:vio_1v8:tl,650000,659999,-1.0,3.0
current:3.3v:tl,650000,659999,-551.0,462.0
voltage:3.3v:tl,650000,659999,37.0,44.0
power:tot:tl,650000,659999,-23.0,19.0
power:3.3v:tl,650000,659999,-23.0,18.0
voltage:vio_1v8:tl,660000,669999,-5.0,0.0
current:vio_1v8:tl,660000,669999,-963.0,474.0
power:vio_1v8:tl,660000,669999,-1.0,3.0
current:3.3v:tl,660000,669999,-551.0,462.0
voltage:3.3v:tl,660000,669999,38.0,44.0
power:tot:tl,660000,669999,-24.0,19.0
power:3.3v:tl,660000,669999,-24.0,19.0
voltage:vio_1v8:tl,670000,679999,-5.0,0.0
current:vio_1v8:tl,670000,679999,-953.0,460.0
power:vio_1v8:tl,670000,679999,-1.0,3.0
current:3.3v:tl,670000,679999,-538.0,462.0
voltage:3.3v:tl,670000,679999,38.0,44.0
power:tot:tl,670000,679999,-23.0,20.0
power:3.3v:tl,670000,679999,-23.0,18.0
voltage:vio_1v8:tl,680000,689999,-5.0,0.0
current:vio_1v8:tl,680000,689999,-980.0,494.0
power:vio_1v8:tl,680000,689999,-1.0,3.0
current:3.3v:tl,680000,689999,-539.0,427.0
voltage:3.3v:tl,680000,689999,39.0,44.0
power:tot:tl,680000,689999,-23.0,18.0
power:3.3v:tl,680000,689999,-23.0,17.0
voltage:vio_1v8:tl,690000,699999,-5.0,0.0
current:vio_1v8:tl,690000,699999,-1175.0,480.0
power:vio_1v8:tl,690000,699999,-1.0,2.0
current:3.3v:tl,690000,699999,-561.0,442.0
voltage:3.3v:tl,690000,699999,39.0,44.0
power:tot:tl,690000,699999,-24.0,20.0
power:3.3v:tl,690000,699999,-24.0,19.0
voltage:vio_1v8:tl,700000,709999,-5.0,0.0
current:vio_1v8:tl,700000,709999,-963.0,507.0
power:vio_1v8:tl,700000,709999,-1.0,2.0
current:3.3v:tl,700000,709999,-581.0,458.0
voltage:3.3v:tl,700000,709999,39.0,45.0
power:tot:tl,700000,709999,-24.0,20.0
power:3.3v:tl,700000,709999,-24.0,19.0
voltage:vio_1v8:tl,710000,719999,-5.0,0.0
current:vio_1v8:tl,710000,719999,-959.0,493.0
power:vio_1v8:tl,710000,719999,-1.0,2.0
current:3.3v:tl,710000,719999,-584.0,445.0
voltage:3.3v:tl,710000,719999,39.0,46.0
power:tot:tl,710000,719999,-24.0,20.0
power:3.3v:tl,710000,719999,-24.0,19.0
voltage:vio_1v8:tl,720000,729999,-5.0,0.0
current:vio_1v8:tl,720000,729999,-946.0,481.0
power:vio_1v8:tl,720000,729999,-1.0,2.0
current:3.3v:tl,720000,729999,-557.0,462.0
voltage:3.3v:tl,720000,729999,39.0,46.0
power:tot:tl,720000,729999,-24.0,21.0
power:3.3v:tl,720000,729999,-24.0,20.0
voltage:vio_1v8:tl,730000,739999,-5.0,0.0
current:vio_1v8:tl,730000,739999,-927.0,547.0
power:vio_1v8:tl,730000,739999,-1.0,4.0
current:3.3v:tl,730000,739999,-531.0,465.0
voltage:3.3v:tl,730000,739999,39.0,46.0
power:tot:tl,730000,739999,-23.0,21.0
power:3.3v:tl,730000,739999,-23.0,20.0
voltage:vio_1v8:tl,740000,749999,-5.0,0.0
current:vio_1v8:tl,740000,749999,-977.0,470.0
power:vio_1v8:tl,740000,749999,-1.0,3.0
current:3.3v:tl,740000,749999,-570.0,442.0
voltage:3.3v:tl,740000,749999,40.0,47.0
power:tot:tl,740000,749999,-25.0,20.0
power:3.3v:tl,740000,749999,-25.0,19.0
voltage:vio_1v8:tl,750000,759999,-5.0,0.0
current:vio_1v8:tl,750000,759999,-973.0,474.0
power:vio_1v8:tl,750000,759999,-1.0,2.0
current:3.3v:tl,750000,759999,-565.0,465.0
voltage:3.3v:tl,750000,759999,40.0,48.0
power:tot:tl,750000,759999,-25.0,20.0
power:3.3v:tl,750000,759999,-25.0,20.0
voltage:vio_1v8:tl,760000,769999,-5.0,0.0
current:vio_1v8:tl,760000,769999,-1049.0,474.0
power:vio_1v8:tl,760000,769999,-1.0,2.0
current:3.3v:tl,760000,769999,-565.0,479.0
voltage:3.3v:tl,760000,769999,42.0,48.0
power:tot:tl,760000,769999,-25.0,22.0
power:3.3v:tl,760000,769999,-25.0,21.0
voltage:vio_1v8:tl,770000,779999,-5.0,0.0
current:vio_1v8:tl,770000,779999,-936.0,465.0
power:vio_1v8:tl,770000,779999,-1.0,2.0
current:3.3v:tl,770000,779999,-551.0,458.0
voltage:3.3v:tl,770000,779999,42.0,48.0
power:tot:tl,770000,779999,-25.0,21.0
power:3.3v:tl,770000,779999,-25.0,20.0
voltage:vio_1v8:tl,780000,789999,-5.0,0.0
current:vio_1v8:tl,780000,789999,-880.0,506.0
power:vio_1v8:tl,780000,789999,-1.0,2.0
current:3.3v:tl,780000,789999,-578.0,462.0
voltage:3.3v:tl,780000,789999,42.0,48.0
power:tot:tl,780000,789999,-25.0,21.0
power:3.3v:tl,780000,789999,-26.0,20.0
voltage:vio_1v8:tl,790000,799999,-5.0,0.0
current:vio_1v8:tl,790000,799999,-951.0,470.0
power:vio_1v8:tl,790000,799999,-1.0,2.0
current:3.3v:tl,790000,799999,-545.0,439.0
voltage:3.3v:tl,790000,799999,44.0,48.0
power:tot:tl,790000,799999,-25.0,20.0
power:3.3v:tl,790000,799999,-25.0,19.0
voltage:vio_1v8:tl,800000,809999,-5.0,0.0
current:vio_1v8:tl,800000,809999,-1036.0,480.0
power:vio_1v8:tl,800000,809999,-1.0,3.0
current:3.3v:tl,800000,809999,-534.0,458.0
voltage:3.3v:tl,800000,809999,44.0,48.0
power:tot:tl,800000,809999,-25.0,21.0
power:3.3v:tl,800000,809999,-25.0,20.0
voltage:vio_1v8:tl,810000,819999,-5.0,0.0
current:vio_1v8:tl,810000,819999,-1049.0,510.0
power:vio_1v8:tl,810000,819999,-1.0,2.0
current:3.3v:tl,810000,819999,-541.0,462.0
voltage:3.3v:tl,810000,819999,44.0,48.0
power:tot:tl,810000,819999,-25.0,22.0
power:3.3v:tl,810000,819999,-25.0,21.0
voltage:vio_1v8:tl,820000,829999,-5.0,0.0
current:vio_1v8:tl,820000,829999,-1049.0,520.0
power:vio_1v8:tl,820000,829999,-1.0,2.0
current:3.3v:tl,820000,829999,-557.0,478.0
voltage:3.3v:tl,820000,829999,44.0,48.0
power:tot:tl,820000,829999,-25.0,21.0
power:3.3v:tl,820000,829999,-25.0,21.0
voltage:vio_1v8:tl,830000,839999,-5.0,0.0
current:vio_1v8:tl,830000,839999,-946.0,480.0
power:vio_1v8:tl,830000,839999,-1.0,2.0
current:3.3v:tl,830000,839999,-561.0,442.0
voltage:3.3v:tl,830000,839999,44.0,50.0
power:tot:tl,830000,839999,-26.0,22.0
power:3.3v:tl,830000,839999,-26.0,20.0
voltage:vio_1v8:tl,840000,849999,-5.0,0.0
current:vio_1v8:tl,840000,849999,-853.0,477.0
power:vio_1v8:tl,840000,849999,-1.0,2.0
current:3.3v:tl,840000,849999,-575.0,501.0
voltage:3.3v:tl,840000,849999,44.0,50.0
power:tot:tl,840000,849999,-27.0,23.0
power:3.3v:tl,840000,849999,-27.0,22.0
voltage:vio_1v8:tl,850000,859999,-5.0,0.0
current:vio_1v8:tl,850000,859999,-962.0,470.0
power:vio_1v8:tl,850000,859999,-1.0,3.0
current:3.3v:tl,850000,859999,-551.0,462.0
voltage:3.3v:tl,850000,859999,44.0,50.0
power:tot:tl,850000,859999,-26.0,23.0
power:3.3v:tl,850000,859999,-26.0,22.0
voltage:vio_1v8:tl,860000,869999,-5.0,0.0
current:vio_1v8:tl,860000,869999,-923.0,467.0
power:vio_1v8:tl,860000,869999,-1.0,2.0
current:3.3v:tl,860000,869999,-558.0,445.0
voltage:3.3v:tl,860000,869999,44.0,49.0
power:tot:tl,860000,869999,-26.0,23.0
power:3.3v:tl,860000,869999,-26.0,21.0
voltage:vio_1v8:tl,870000,879999,-5.0,0.0
current:vio_1v8:tl,870000,879999,-954.0,457.0
power:vio_1v8:tl,870000,879999,-1.0,2.0
current:3.3v:tl,870000,879999,-554.0,445.0
voltage:3.3v:tl,870000,879999,44.0,50.0
power:tot:tl,870000,879999,-26.0,20.0
power:3.3v:tl,870000,879999,-26.0,20.0
voltage:vio_1v8:tl,880000,889999,-5.0,0.0
current:vio_1v8:tl,880000,889999,-928.0,464.0
power:vio_1v8:tl,880000,889999,-1.0,2.0
current:3.3v:tl,880000,889999,-558.0,455.0
voltage:3.3v:tl,880000,889999,44.0,51.0
power:tot:tl,880000,889999,-26.0,22.0
power:3.3v:tl,880000,889999,-26.0,21.0
voltage:vio_1v8:tl,890000,899999,-5.0,0.0
current:vio_1v8:tl,890000,899999,-943.0,494.0
power:vio_1v8:tl,890000,899999,-1.0,2.0
current:3.3v:tl,890000,899999,-554.0,449.0
voltage:3.3v:tl,890000,899999,44.0,51.0
power:tot:tl,890000,899999,-26.0,21.0
power:3.3v:tl,890000,899999,-26.0,20.0
voltage:vio_1v8:tl,900000,909999,-5.0,0.0
current:vio_1v8:tl,900000,909999,-973.0,463.0
power:vio_1v8:tl,900000,909999,-1.0,2.0
current:3.3v:tl,900000,909999,-538.0,449.0
voltage:3.3v:tl,900000,909999,44.0,51.0
power:tot:tl,900000,909999,-25.0,21.0
power:3.3v:tl,900000,909999,-25.0,21.0
voltage:vio_1v8:tl,910000,919999,-6.0,0.0
current:vio_1v8:tl,910000,919999,-930.0,464.0
power:vio_1v8:tl,910000,919999,-1.0,2.0
current:3.3v:tl,910000,919999,-547.0,445.0
voltage:3.3v:tl,910000,919999,44.0,52.0
power:tot:tl,910000,919999,-26.0,22.0
power:3.3v:tl,910000,919999,-26.0,21.0
voltage:vio_1v8:tl,920000,929999,-5.0,0.0
current:vio_1v8:tl,920000,929999,-916.0,471.0
power:vio_1v8:tl,920000,929999,-1.0,2.0
current:3.3v:tl,920000,929999,-554.0,462.0
voltage:3.3v:tl,920000,929999,45.0,52.0
power:tot:tl,920000,929999,-26.0,23.0
power:3.3v:tl,920000,929999,-26.0,22.0
voltage:vio_1v8:tl,930000,939999,-5.0,0.0
current:vio_1v8:tl,930000,939999,-913.0,504.0
power:vio_1v8:tl,930000,939999,-1.0,2.0
current:3.3v:tl,930000,939999,-580.0,462.0
voltage:3.3v:tl,930000,939999,46.0,52.0
power:tot:tl,930000,939999,-27.0,23.0
power:3.3v:tl,930000,939999,-27.0,22.0
voltage:vio_1v8:tl,940000,949999,-5.0,0.0
current:vio_1v8:tl,940000,949999,-923.0,457.0
power:vio_1v8:tl,940000,949999,-1.0,2.0
current:3.3v:tl,940000,949999,-568.0,462.0
voltage:3.3v:tl,940000,949999,45.0,52.0
power:tot:tl,940000,949999,-27.0,22.0
power:3.3v:tl,940000,949999,-27.0,22.0
voltage:vio_1v8:tl,950000,959999,-5.0,0.0
current:vio_1v8:tl,950000,959999,-946.0,467.0
power:vio_1v8:tl,950000,959999,-1.0,2.0
current:3.3v:tl,950000,959999,-564.0,468.0
voltage:3.3v:tl,950000,959999,46.0,53.0
power:tot:tl,950000,959999,-27.0,22.0
power:3.3v:tl,950000,959999,-27.0,22.0
voltage:vio_1v8:tl,960000,969999,-5.0,0.0
current:vio_1v8:tl,960000,969999,-910.0,471.0
power:vio_1v8:tl,960000,969999,-1.0,2.0
current:3.3v:tl,960000,969999,-601.0,445.0
voltage:3.3v:tl,960000,969999,46.0,52.0
power:tot:tl,960000,969999,-28.0,22.0
power:3.3v:tl,960000,969999,-28.0,21.0
voltage:vio_1v8:tl,970000,979999,-5.0,0.0
current:vio_1v8:tl,970000,979999,-894.0,477.0
power:vio_1v8:tl,970000,979999,-1.0,2.0
current:3.3v:tl,970000,979999,-547.0,433.0
voltage:3.3v:tl,970000,979999,46.0,53.0
power:tot:tl,970000,979999,-26.0,21.0
power:3.3v:tl,970000,979999,-26.0,20.0
voltage:vio_1v8:tl,980000,989999,-6.0,0.0
current:vio_1v8:tl,980000,989999,-847.0,473.0
power:vio_1v8:tl,980000,989999,-1.0,3.0
current:3.3v:tl,980000,989999,-554.0,449.0
voltage:3.3v:tl,980000,989999,46.0,53.0
power:tot:tl,980000,989999,-26.0,22.0
power:3.3v:tl,980000,989999,-26.0,22.0
voltage:vio_1v8:tl,990000,999999,-5.0,0.0
current:vio_1v8:tl,990000,999999,-899.0,477.0
power:vio_1v8:tl,990000,999999,-1.0,3.0
current:3.3v:tl,990000,999999,-578.0,442.0
voltage:3.3v:tl,990000,999999,46.0,53.0
power:tot:tl,990000,999999,-27.0,21.0
power:3.3v:tl,990000,999999,-27.0,21.0
voltage:vio_1v8:tl,1000000,1009999,-5.0,0.0
current:vio_1v8:tl,1000000,1009999,-917.0,457.0
power:vio_1v8:tl,1000000,1009999,-1.0,2.0
current:3.3v:tl,1000000,1009999,-565.0,451.0
voltage:3.3v:tl,1000000,1009999,47.0,53.0
power:tot:tl,1000000,1009999,-28.0,22.0
power:3.3v:tl,1000000,1009999,-28.0,22.0
voltage:vio_1v8:tl,1010000,1019999,-5.0,0.0
current:vio_1v8:tl,1010000,1019999,-897.0,467.0
power:vio_1v8:tl,1010000,1019999,-1.0,2.0
current:3.3v:tl,1010000,1019999,-564.0,462.0
voltage:3.3v:tl,1010000,1019999,47.0,53.0
power:tot:tl,1010000,1019999,-27.0,22.0
power:3.3v:tl,1010000,1019999,-27.0,22.0
digital:mfg_clk:tl,0,9999,0.0,0.0
digital:pln#:tl,0,9999,0.0,0.0
digital:clkreq#:tl,0,9999,1.0,1.0
digital:led_1#:tl,0,9999,0.0,0.0
digital:vio_cfg:tl,0,9999,0.0,0.0
digital:pwrdis:tl,0,9999,0.0,0.0
digital:pedet:tl,0,9999,1.0,1.0
digital:alert#:tl,0,9999,1.0,1.0
digital:pewake#:tl,0,9999,1.0,1.0
digital:pla_s3#:tl,0,9999,0.0,0.0
digital:mfg_data:tl,0,9999,0.0,0.0
digital:susclk:tl,0,9999,1.0,1.0
digital:smb_clk:tl,0,9999,1.0,1.0
digital:devslp:tl,0,9999,0.0,0.0
digital:perst#:tl,0,9999,1.0,1.0
digital:smb_data:tl,0,9999,1.0,1.0
